version 3
run HighDemand-0-20250605-20:49:34-19934
attr configname HighDemand
attr datetime 20250605-20:49:34
attr datetimef 20250605-204934
attr experiment HighDemand
attr inifile omnetpp.ini
attr iterationvars ""
attr iterationvarsd ""
attr iterationvarsf ""
attr measurement ""
attr network smartparkingsystem.SmartParkingNetwork
attr processid 19934
attr repetition 0
attr replication #0
attr resultdir results
attr runnumber 0
attr seedset 0
config **.parkingLot.numSlots 20
config **.parkingLot.arrivalRate 0.1
config **.parkingLot.avgParkingDuration 1200.0
config network smartparkingsystem.SmartParkingNetwork
config sim-time-limit 7200s
config seed-set 0
config **.parkingLot.numSlots 20
config **.parkingLot.arrivalRate 0.05
config **.parkingLot.avgParkingDuration 600.0
config **.parkingLot.simulationTime 7200.0
config **.parkingLot.sensorMalfunctionRate 0.001
config **.parkingLot.sensorRepairTime 300.0
config output-vector-file results/HighDemand-0.vec
config output-scalar-file results/HighDemand-0.sca
config repeat 10

vector 0 SmartParkingNetwork.parkingLot vehicleArrival:vector ETV
attr recordingmode vector
attr title "Vehicle Arrivals"
vector 1 SmartParkingNetwork.parkingLot queueLength:vector ETV
attr recordingmode vector
attr title "Queue Length"
vector 2 SmartParkingNetwork.parkingLot occupiedSlots:vector ETV
attr recordingmode vector
attr title "Occupied Slots"
vector 3 SmartParkingNetwork.parkingLot utilizationRate:vector ETV
attr recordingmode vector
attr title "Utilization Rate"
0	1	0	0
1	1	0	0
2	1	0	1
3	1	0	0.05
vector 4 SmartParkingNetwork.parkingLot waitingTime:vector ETV
attr recordingmode vector
attr title "Waiting Time"
1	2	0	0
2	2	0	1
3	2	0	0.05
4	2	0	0
0	3	12.559307580474	1
1	3	12.559307580474	0
2	3	12.559307580474	2
3	3	12.559307580474	0.1
1	4	12.559307580474	0
2	4	12.559307580474	2
3	4	12.559307580474	0.1
4	4	12.559307580474	0
0	5	21.791538895182	2
1	5	21.791538895182	0
2	5	21.791538895182	3
3	5	21.791538895182	0.15
1	6	21.791538895182	0
2	6	21.791538895182	3
3	6	21.791538895182	0.15
4	6	21.791538895182	0
0	7	29.663550295001	3
1	7	29.663550295001	0
2	7	29.663550295001	4
3	7	29.663550295001	0.2
1	8	29.663550295001	0
2	8	29.663550295001	4
3	8	29.663550295001	0.2
4	8	29.663550295001	0
0	9	35.174035161704	4
1	9	35.174035161704	0
2	9	35.174035161704	5
3	9	35.174035161704	0.25
1	10	35.174035161704	0
2	10	35.174035161704	5
3	10	35.174035161704	0.25
4	10	35.174035161704	0
0	11	45.555628168343	5
1	11	45.555628168343	0
2	11	45.555628168343	6
3	11	45.555628168343	0.3
1	12	45.555628168343	0
2	12	45.555628168343	6
3	12	45.555628168343	0.3
4	12	45.555628168343	0
0	13	51.310820137173	6
1	13	51.310820137173	0
2	13	51.310820137173	7
3	13	51.310820137173	0.35
1	14	51.310820137173	0
2	14	51.310820137173	7
3	14	51.310820137173	0.35
4	14	51.310820137173	0
0	15	73.546064357536	7
1	15	73.546064357536	0
2	15	73.546064357536	8
3	15	73.546064357536	0.4
1	16	73.546064357536	0
2	16	73.546064357536	8
3	16	73.546064357536	0.4
4	16	73.546064357536	0
0	17	106.695187156819	8
1	17	106.695187156819	0
2	17	106.695187156819	9
3	17	106.695187156819	0.45
1	18	106.695187156819	0
2	18	106.695187156819	9
3	18	106.695187156819	0.45
4	18	106.695187156819	0
0	19	111.531208206303	9
1	19	111.531208206303	0
2	19	111.531208206303	10
3	19	111.531208206303	0.5
1	20	111.531208206303	0
2	20	111.531208206303	10
3	20	111.531208206303	0.5
4	20	111.531208206303	0
0	21	127.220169382533	10
1	21	127.220169382533	0
2	21	127.220169382533	11
3	21	127.220169382533	0.55
1	22	127.220169382533	0
2	22	127.220169382533	11
3	22	127.220169382533	0.55
4	22	127.220169382533	0
0	23	134.746910515661	11
1	23	134.746910515661	0
2	23	134.746910515661	12
3	23	134.746910515661	0.6
1	24	134.746910515661	0
2	24	134.746910515661	12
3	24	134.746910515661	0.6
4	24	134.746910515661	0
0	25	143.141239044663	12
1	25	143.141239044663	0
2	25	143.141239044663	13
3	25	143.141239044663	0.65
1	26	143.141239044663	0
2	26	143.141239044663	13
3	26	143.141239044663	0.65
4	26	143.141239044663	0
vector 5 SmartParkingNetwork.parkingLot vehicleDeparture:vector ETV
attr recordingmode vector
attr title "Vehicle Departures"
1	27	143.607667269234	0
2	27	143.607667269234	12
3	27	143.607667269234	0.6
5	27	143.607667269234	7
0	28	169.123779903153	13
1	28	169.123779903153	0
2	28	169.123779903153	13
3	28	169.123779903153	0.65
1	29	169.123779903153	0
2	29	169.123779903153	13
3	29	169.123779903153	0.65
4	29	169.123779903153	0
0	30	169.860633457804	14
1	30	169.860633457804	0
2	30	169.860633457804	14
3	30	169.860633457804	0.7
1	31	169.860633457804	0
2	31	169.860633457804	14
3	31	169.860633457804	0.7
4	31	169.860633457804	0
0	32	170.772243719047	15
1	32	170.772243719047	0
2	32	170.772243719047	15
3	32	170.772243719047	0.75
0	34	170.976499603038	16
0	36	188.851376237425	17
0	38	203.909218823799	18
0	40	224.312361403218	19
0	42	262.764580094636	20
0	44	278.816975665251	21
0	45	285.006270261518	22
0	46	300.17163000142	23
0	47	301.430374095801	24
0	48	311.644692839293	25
0	49	313.191989644293	26
0	50	342.136194424164	27
0	51	349.514467341723	28
0	52	354.870124544002	29
0	53	357.942928065527	30
0	54	372.825476323044	31
0	55	378.916300554875	32
0	58	387.319647610997	33
0	59	387.509333303008	34
0	60	397.123142693666	35
0	61	406.593109465416	36
0	62	416.188589239098	37
0	63	444.967739451875	38
0	64	456.419128998876	39
0	65	460.874313949388	40
0	66	466.6196380168	41
0	69	478.580716011371	42
0	70	479.201868916035	43
0	73	490.190993591544	44
0	74	501.296968048416	45
0	75	503.659035109243	46
0	76	505.039321993528	47
0	77	508.828941636355	48
0	78	513.349962238601	49
0	79	521.794240173878	50
0	80	527.567483281943	51
0	81	572.112451743704	52
0	82	573.188802825265	53
0	83	575.531818013021	54
0	84	577.290953467277	55
0	85	587.878380618218	56
0	86	590.79918595089	57
0	87	597.078601760802	58
0	88	599.881371845592	59
0	89	601.612646407054	60
0	90	602.782200504979	61
0	91	613.462922476474	62
0	92	614.950045168995	63
0	93	617.138851134068	64
0	94	621.738990711471	65
0	97	638.942307288637	66
0	98	639.963756103886	67
0	99	658.16194529673	68
0	100	659.17229304982	69
0	103	696.662607645665	70
0	104	702.985973609623	71
0	107	740.605246454663	72
0	110	749.890031423677	73
0	111	763.3324841452	74
0	112	763.732247135783	75
0	113	767.05634954542	76
0	114	768.336917198532	77
0	115	771.848678092345	78
0	116	773.112564456598	79
0	117	776.939573945216	80
0	118	782.288417702785	81
0	119	782.951391717607	82
0	120	794.743286988259	83
0	121	803.104262307962	84
0	122	806.18841070894	85
0	123	813.59600021341	86
0	124	814.582503297593	87
0	125	823.161459708335	88
0	126	849.654018995099	89
0	127	853.489621136085	90
0	128	864.498080236993	91
0	129	865.911387372601	92
0	130	878.510725473691	93
0	131	881.927267143952	94
0	132	883.950771529624	95
0	135	892.782061949217	96
0	136	892.985186537173	97
0	137	910.642597261304	98
0	138	910.689662666227	99
0	141	922.016004085952	100
0	142	925.163220694498	101
0	143	938.450799432001	102
0	144	971.202231209149	103
0	145	974.06244093423	104
0	146	982.64637061252	105
0	147	991.612279320379	106
0	148	1000.104487436023	107
0	149	1002.628687364934	108
0	154	1033.151503933777	109
0	155	1039.077744208299	110
0	156	1057.812343006871	111
0	157	1069.834728679336	112
0	158	1073.364930012078	113
0	161	1090.174152057537	114
0	162	1095.224339535084	115
0	163	1116.519333495764	116
0	164	1125.224691759028	117
0	165	1146.57299625886	118
0	166	1158.366825595306	119
0	167	1171.285918283313	120
0	168	1178.243912892318	121
0	171	1209.4985964689	122
0	172	1219.826566575354	123
0	173	1225.340526476696	124
0	174	1234.664555280762	125
0	175	1234.858353094242	126
0	176	1238.44762525294	127
0	177	1249.240827239496	128
0	178	1252.666823486477	129
0	179	1262.290574044187	130
0	180	1267.890184744927	131
0	181	1269.345924529406	132
0	184	1272.88816585186	133
0	185	1281.327050577769	134
0	186	1290.264341360824	135
0	187	1298.805138717254	136
0	188	1309.395232571066	137
0	189	1319.953728657663	138
0	190	1325.599833668871	139
0	191	1348.286173595796	140
0	192	1352.867902435378	141
0	195	1358.592517949662	142
0	198	1380.841664521915	143
0	201	1397.250640301183	144
0	202	1409.420835254558	145
0	203	1410.476961690846	146
0	206	1435.669782991679	147
0	207	1448.195858240796	148
0	208	1515.849763440167	149
0	209	1517.46846430729	150
0	210	1537.727552478323	151
0	211	1539.500808229774	152
0	212	1549.060472468998	153
0	213	1550.382309565145	154
0	216	1569.221598431006	155
0	217	1585.688789444274	156
0	218	1594.107599061594	157
0	219	1599.336299362478	158
0	220	1600.053053205607	159
0	221	1612.007438868429	160
0	222	1618.050429586905	161
0	223	1630.853771625029	162
0	226	1650.981498987087	163
0	229	1688.081104906125	164
0	232	1707.446877281037	165
0	233	1707.564709600221	166
0	236	1712.027237805411	167
0	237	1725.120221445639	168
0	238	1727.00317119783	169
0	239	1734.364482197696	170
0	240	1734.923182726581	171
0	241	1737.154574807589	172
0	242	1737.341529511799	173
0	245	1753.125656732859	174
0	246	1755.660713784293	175
0	247	1759.89728479786	176
0	248	1786.219473423348	177
0	249	1798.407441456782	178
0	250	1798.731009503235	179
0	251	1800.530582918753	180
0	252	1810.245404499702	181
0	255	1818.854640866509	182
0	256	1821.571321569932	183
0	257	1848.784804129062	184
0	260	1858.303101204484	185
0	261	1865.973897750207	186
0	262	1874.887683519307	187
0	263	1887.985537232924	188
0	264	1891.724402191955	189
0	265	1896.803053418822	190
0	266	1899.158299153007	191
0	267	1901.218619637837	192
0	268	1930.109375556825	193
0	269	1943.562849889164	194
0	270	1950.305295585526	195
0	271	1952.885423224926	196
0	272	1955.820499744159	197
0	273	1956.418309373313	198
0	274	1962.117285026378	199
0	275	1965.853982970323	200
0	278	1977.772564006872	201
0	279	1982.516726910201	202
0	280	1984.496404263541	203
0	281	1984.746287796669	204
0	282	1985.442464507405	205
0	283	1996.817849562811	206
0	284	2002.863661746163	207
0	285	2010.554859757127	208
0	286	2033.253259914968	209
0	289	2079.649785178705	210
0	290	2082.094695399134	211
0	291	2092.973739735277	212
0	292	2096.02978875342	213
0	293	2096.238460939522	214
0	294	2110.442295495374	215
0	295	2114.299172435826	216
0	296	2119.135556310722	217
0	297	2128.010575595559	218
0	300	2145.792008963899	219
0	301	2155.707051892871	220
0	304	2176.31526430168	221
0	305	2179.511010850408	222
0	306	2195.508205268808	223
0	307	2197.561682956165	224
0	310	2228.093529652099	225
0	311	2239.724662486354	226
0	312	2242.151847423072	227
0	317	2271.596650197305	228
0	320	2284.721730126961	229
0	321	2287.651244711827	230
0	322	2290.05047990619	231
0	323	2297.352756558581	232
0	324	2297.612734010512	233
0	325	2299.93798419436	234
0	326	2305.466367900878	235
0	327	2310.153132660647	236
0	328	2316.381425758296	237
0	329	2319.633585938059	238
0	332	2328.471442498388	239
0	335	2348.411834511158	240
0	336	2349.662160410393	241
0	337	2356.947398837736	242
0	338	2358.363819185688	243
0	341	2370.981945920561	244
0	342	2376.024745253076	245
0	345	2384.358527659535	246
0	346	2386.383115296516	247
0	347	2387.94787300036	248
0	348	2394.643278908971	249
0	349	2399.037832813899	250
0	350	2427.244192298049	251
0	351	2441.739740062325	252
0	354	2455.549371018993	253
0	355	2478.954290625567	254
0	356	2479.825376458152	255
0	357	2487.859294084823	256
0	358	2496.641444872006	257
0	359	2529.326408880235	258
0	360	2532.781604717322	259
0	361	2535.536884087705	260
0	362	2536.593755828752	261
0	363	2536.759416772968	262
0	364	2563.285001928173	263
0	365	2574.369099470313	264
0	366	2589.747386615079	265
0	367	2593.05648542684	266
0	368	2601.885290876411	267
0	369	2602.546210983345	268
0	372	2609.194288478861	269
0	375	2647.134526309739	270
0	376	2668.050092035972	271
0	377	2672.17739070324	272
0	380	2704.766600475087	273
0	381	2707.402371603439	274
0	382	2737.224378358165	275
0	383	2765.59078029192	276
0	384	2781.645367922598	277
0	387	2791.600004356265	278
0	388	2812.337618987266	279
0	389	2815.805152025154	280
0	390	2834.706169006117	281
0	391	2844.326288272018	282
0	392	2844.459540720302	283
0	393	2848.724898840667	284
0	394	2850.328239785533	285
0	395	2890.407736334277	286
0	396	2896.915709757868	287
0	397	2903.795144542478	288
0	398	2913.997015422026	289
0	399	2918.594928599784	290
0	400	2920.067178972915	291
0	401	2937.333512770337	292
0	402	2939.438845652378	293
0	403	2946.599298832314	294
0	404	2949.139412615816	295
0	405	2950.169096253008	296
0	406	2969.987999664097	297
0	409	3006.077409713935	298
0	412	3038.477039382943	299
0	413	3062.180915189083	300
0	414	3077.05521273248	301
0	415	3081.107041555904	302
0	416	3081.952836473523	303
0	417	3087.182513010081	304
0	418	3089.825217651438	305
0	419	3091.246472765365	306
0	420	3091.795546490876	307
0	423	3104.727025078834	308
0	424	3104.841957580919	309
0	427	3119.563999160855	310
0	428	3121.153330957417	311
0	429	3121.981953686602	312
0	430	3122.920699159428	313
0	433	3134.069573378498	314
0	434	3136.884813603208	315
0	435	3142.341390750881	316
0	436	3150.491574059844	317
0	441	3170.192149715768	318
0	442	3183.176606071815	319
0	443	3186.328206358973	320
0	444	3187.737885203124	321
0	445	3188.307550527793	322
0	446	3191.89716371156	323
0	447	3194.936879303849	324
0	448	3201.027523857085	325
0	449	3212.524937734583	326
0	450	3224.419900247932	327
0	451	3227.753933631686	328
0	452	3232.533113506797	329
0	453	3234.531668886004	330
0	454	3250.069123906326	331
0	455	3250.654402895791	332
0	456	3262.594536601743	333
0	457	3277.676688918013	334
0	458	3292.700816855121	335
0	459	3295.704067657978	336
0	460	3300.385132190326	337
0	461	3309.242738650625	338
0	462	3312.428577129416	339
0	463	3317.062477404816	340
0	464	3319.257159013754	341
0	465	3325.416351851596	342
0	466	3325.872732346551	343
0	467	3341.95691083741	344
0	468	3342.75769939685	345
0	469	3350.073152788177	346
0	470	3353.737665706503	347
0	471	3362.354340624455	348
0	474	3394.402428920572	349
0	475	3404.7748798616	350
0	476	3405.134908159094	351
0	477	3410.763160177266	352
0	480	3417.897003005274	353
0	481	3425.579536423948	354
0	482	3437.017490215136	355
0	483	3440.269198920022	356
0	484	3441.648731239316	357
0	485	3446.635654568016	358
0	486	3477.963949463482	359
0	487	3480.035801285994	360
0	492	3503.468200586921	361
0	493	3511.316570782837	362
0	494	3517.421399232814	363
0	499	3538.795616136987	364
0	500	3544.931658234398	365
0	501	3557.811277985157	366
0	502	3562.90330285382	367
0	503	3586.341999261806	368
0	504	3598.054636211276	369
0	505	3610.081774049569	370
0	506	3614.052583549774	371
0	509	3628.190416845168	372
0	512	3638.29810847616	373
0	513	3641.042743696196	374
0	514	3642.792694178378	375
0	515	3658.70825540631	376
0	516	3690.69080517401	377
0	517	3696.818259622648	378
0	518	3705.758273649449	379
0	519	3725.258042767916	380
0	520	3731.368618380772	381
0	521	3761.708044104747	382
0	522	3770.282395130885	383
0	523	3787.47308824877	384
0	524	3811.424886142664	385
0	525	3828.327235690249	386
0	526	3830.063801322333	387
0	527	3839.976596379926	388
0	528	3845.058790920454	389
0	529	3845.706447848352	390
0	530	3851.223483974256	391
0	531	3854.21676779844	392
0	532	3873.124059342754	393
0	533	3873.462777895178	394
0	534	3905.400396622001	395
0	535	3909.791166477879	396
0	536	3914.202714585175	397
0	537	3914.367347425022	398
0	538	3916.415870096488	399
0	539	3921.545140014778	400
0	540	3948.03702263708	401
0	541	3949.086350110364	402
0	544	3978.14554614692	403
0	547	3998.50848801964	404
0	548	4004.562825836042	405
0	549	4008.518481839994	406
0	550	4011.167831216368	407
0	551	4020.699056599029	408
0	552	4021.03539580823	409
0	553	4021.192687045979	410
0	554	4026.792770779287	411
0	555	4027.497790262892	412
0	556	4030.400524414125	413
0	557	4032.900032580623	414
0	558	4035.819493297911	415
0	559	4037.224250467461	416
0	560	4037.345342918077	417
0	561	4038.572492991247	418
0	562	4048.208419954139	419
0	563	4084.804041138756	420
0	564	4131.206841098254	421
0	565	4136.467149055855	422
0	566	4138.245916634419	423
0	567	4148.428092422489	424
0	570	4155.167526864676	425
0	571	4200.645765383275	426
0	574	4201.321106952046	427
0	575	4216.610495659165	428
0	580	4220.0128678553	429
0	581	4222.775919784575	430
0	582	4233.637952896148	431
0	583	4236.462420015731	432
0	586	4247.424345625825	433
0	587	4254.708121356152	434
0	588	4260.226142572534	435
0	589	4268.315939523862	436
0	590	4271.699400710849	437
0	591	4283.960722833185	438
0	594	4289.31971078658	439
0	595	4293.791109812554	440
0	596	4311.43198373444	441
0	599	4337.330245189412	442
0	600	4337.801237899967	443
0	601	4340.449060633352	444
0	602	4344.73413667515	445
0	603	4361.606319562725	446
0	604	4403.936477526045	447
0	607	4438.665034585071	448
0	608	4462.198382265803	449
0	611	4465.716056120102	450
0	618	4514.013258599795	451
0	619	4516.882349553631	452
0	620	4518.00179496507	453
0	623	4548.15147768693	454
0	624	4550.809643177153	455
0	625	4562.51400047729	456
0	626	4563.11528416859	457
0	627	4576.234914979438	458
0	630	4597.581938924848	459
0	631	4600.762484376757	460
0	632	4605.527642586483	461
0	633	4610.216424142762	462
0	634	4624.031014941243	463
0	635	4626.746572858062	464
0	636	4628.632220100573	465
0	637	4634.597719269343	466
0	638	4638.228507671185	467
0	639	4656.503770349352	468
0	640	4659.218470013646	469
0	641	4666.197845501959	470
0	642	4694.772098980119	471
0	643	4704.823255465843	472
0	644	4725.019100498036	473
0	645	4753.188217797683	474
0	646	4767.081802867167	475
0	647	4779.107376314257	476
0	648	4813.516816790111	477
0	651	4865.36811102044	478
0	652	4871.379657484279	479
0	653	4872.114721258467	480
0	654	4875.579054533417	481
0	655	4877.231984656624	482
0	656	4882.636011632643	483
0	657	4884.043463186928	484
0	658	4893.309849189896	485
0	659	4898.135601341503	486
0	660	4920.710369249067	487
0	661	4955.066603173844	488
0	662	4962.982694119878	489
0	665	4966.196097148568	490
0	666	4975.166627289625	491
0	667	4997.873728363592	492
0	668	5003.094841407701	493
0	669	5011.126209126913	494
0	670	5014.29598292577	495
0	671	5020.373830566936	496
0	672	5025.510686699577	497
0	673	5028.366375904608	498
0	674	5035.415869118365	499
0	675	5039.132026666644	500
0	676	5043.800670102277	501
0	677	5051.244452716254	502
0	678	5065.131225454926	503
0	679	5069.188488893595	504
0	682	5094.979620201455	505
0	683	5114.807746004193	506
0	684	5115.306902028456	507
0	685	5118.232408040368	508
0	686	5124.140760244414	509
0	687	5125.245919010434	510
0	688	5129.530329298342	511
0	689	5143.004817535251	512
0	690	5154.415250877784	513
0	691	5164.154036792583	514
0	692	5176.551017598748	515
0	693	5178.844189315115	516
0	694	5183.025105904551	517
0	695	5194.302710240283	518
0	696	5215.44177838675	519
0	699	5223.28734535593	520
0	700	5226.609951591717	521
0	701	5226.916969321829	522
0	702	5239.307334395612	523
0	703	5239.386487860673	524
0	704	5244.049458125049	525
0	705	5251.611120602952	526
0	706	5277.135885538427	527
0	707	5278.073439414526	528
0	708	5283.281228063232	529
0	709	5283.527364503943	530
0	710	5287.722157738634	531
0	711	5297.456883175094	532
0	712	5300.728986988358	533
0	713	5303.083045653404	534
0	714	5304.312671322283	535
0	717	5312.919818397422	536
0	718	5324.803110000297	537
0	719	5335.949220030288	538
0	720	5365.681303425104	539
0	721	5365.708372170891	540
0	724	5376.126816819101	541
0	725	5385.299534788221	542
0	726	5394.184821911476	543
0	727	5427.091310214071	544
0	728	5427.261466451366	545
0	729	5439.184624193557	546
0	730	5455.987448194371	547
0	731	5463.117012985653	548
0	734	5467.181141653128	549
0	735	5482.827707160103	550
0	736	5483.850724970199	551
0	737	5489.68532669325	552
0	738	5497.024026363475	553
0	741	5508.864303726945	554
0	742	5509.81714855567	555
0	743	5512.401741042846	556
0	744	5517.683180950064	557
0	745	5527.446101179749	558
0	746	5549.246305651307	559
0	747	5558.891303268907	560
0	748	5560.323790306761	561
0	749	5599.738377153025	562
0	750	5620.278901991661	563
0	751	5627.264937661124	564
0	752	5652.820114827765	565
0	753	5660.615465116072	566
0	754	5686.294791403094	567
0	757	5704.008324596296	568
0	758	5738.51842588989	569
0	761	5763.748600503438	570
0	762	5764.11559120625	571
0	763	5766.036546967736	572
0	764	5770.965334651405	573
0	767	5801.360650552744	574
0	768	5804.927813079478	575
0	769	5806.676915680436	576
0	770	5828.419244751779	577
0	771	5834.332272607474	578
0	772	5858.178426039782	579
0	773	5859.924704004582	580
0	774	5870.745722849422	581
0	775	5876.548618729254	582
1	33	170.772243719047	0
1	34	170.976499603038	0
1	35	170.976499603038	0
1	36	188.851376237425	0
1	37	188.851376237425	0
1	38	203.909218823799	0
1	39	203.909218823799	0
1	40	224.312361403218	0
1	41	224.312361403218	0
1	42	262.764580094636	0
1	43	262.764580094636	0
1	44	278.816975665251	1
1	45	285.006270261518	2
1	46	300.17163000142	3
1	47	301.430374095801	4
1	48	311.644692839293	5
1	49	313.191989644293	6
1	50	342.136194424164	7
1	51	349.514467341723	8
1	52	354.870124544002	9
1	53	357.942928065527	10
1	54	372.825476323044	11
1	55	378.916300554875	12
1	56	385.386243221777	11
1	57	385.386243221777	11
1	58	387.319647610997	12
1	59	387.509333303008	13
1	60	397.123142693666	14
1	61	406.593109465416	15
1	62	416.188589239098	16
1	63	444.967739451875	17
1	64	456.419128998876	18
1	65	460.874313949388	19
1	66	466.6196380168	20
1	67	475.1017871022	19
1	68	475.1017871022	19
1	69	478.580716011371	20
1	70	479.201868916035	21
1	71	488.722556166975	20
1	72	488.722556166975	20
1	73	490.190993591544	21
1	74	501.296968048416	22
1	75	503.659035109243	23
1	76	505.039321993528	24
1	77	508.828941636355	25
1	78	513.349962238601	26
1	79	521.794240173878	27
1	80	527.567483281943	28
1	81	572.112451743704	29
1	82	573.188802825265	30
1	83	575.531818013021	31
1	84	577.290953467277	32
1	85	587.878380618218	33
1	86	590.79918595089	34
1	87	597.078601760802	35
1	88	599.881371845592	36
1	89	601.612646407054	37
1	90	602.782200504979	38
1	91	613.462922476474	39
1	92	614.950045168995	40
1	93	617.138851134068	41
1	94	621.738990711471	42
1	95	627.709424634318	41
1	96	627.709424634318	41
1	97	638.942307288637	42
1	98	639.963756103886	43
1	99	658.16194529673	44
1	100	659.17229304982	45
1	101	663.754228948939	44
1	102	663.754228948939	44
1	103	696.662607645665	45
1	104	702.985973609623	46
1	105	722.074264309295	45
1	106	722.074264309295	45
1	107	740.605246454663	46
1	108	741.787649863738	45
1	109	741.787649863738	45
1	110	749.890031423677	46
1	111	763.3324841452	47
1	112	763.732247135783	48
1	113	767.05634954542	49
1	114	768.336917198532	50
1	115	771.848678092345	51
1	116	773.112564456598	52
1	117	776.939573945216	53
1	118	782.288417702785	54
1	119	782.951391717607	55
1	120	794.743286988259	56
1	121	803.104262307962	57
1	122	806.18841070894	58
1	123	813.59600021341	59
1	124	814.582503297593	60
1	125	823.161459708335	61
1	126	849.654018995099	62
1	127	853.489621136085	63
1	128	864.498080236993	64
1	129	865.911387372601	65
1	130	878.510725473691	66
1	131	881.927267143952	67
1	132	883.950771529624	68
1	133	890.86682610734	67
1	134	890.86682610734	67
1	135	892.782061949217	68
1	136	892.985186537173	69
1	137	910.642597261304	70
1	138	910.689662666227	71
1	139	919.40599118099	70
1	140	919.40599118099	70
1	141	922.016004085952	71
1	142	925.163220694498	72
1	143	938.450799432001	73
1	144	971.202231209149	74
1	145	974.06244093423	75
1	146	982.64637061252	76
1	147	991.612279320379	77
1	148	1000.104487436023	78
1	149	1002.628687364934	79
1	150	1025.202218866502	78
1	151	1025.202218866502	78
1	152	1032.81558730837	77
1	153	1032.81558730837	77
1	154	1033.151503933777	78
1	155	1039.077744208299	79
1	156	1057.812343006871	80
1	157	1069.834728679336	81
1	158	1073.364930012078	82
1	159	1078.27246618073	81
1	160	1078.27246618073	81
1	161	1090.174152057537	82
1	162	1095.224339535084	83
1	163	1116.519333495764	84
1	164	1125.224691759028	85
1	165	1146.57299625886	86
1	166	1158.366825595306	87
1	167	1171.285918283313	88
1	168	1178.243912892318	89
1	169	1207.581746833734	88
1	170	1207.581746833734	88
1	171	1209.4985964689	89
1	172	1219.826566575354	90
1	173	1225.340526476696	91
1	174	1234.664555280762	92
1	175	1234.858353094242	93
1	176	1238.44762525294	94
1	177	1249.240827239496	95
1	178	1252.666823486477	96
1	179	1262.290574044187	97
1	180	1267.890184744927	98
1	181	1269.345924529406	99
1	182	1272.64615730308	98
1	183	1272.64615730308	98
1	184	1272.88816585186	99
1	185	1281.327050577769	100
1	186	1290.264341360824	101
1	187	1298.805138717254	102
1	188	1309.395232571066	103
1	189	1319.953728657663	104
1	190	1325.599833668871	105
1	191	1348.286173595796	106
1	192	1352.867902435378	107
1	193	1357.059092529965	106
1	194	1357.059092529965	106
1	195	1358.592517949662	107
1	196	1371.130655064558	106
1	197	1371.130655064558	106
1	198	1380.841664521915	107
1	199	1381.915379584386	106
1	200	1381.915379584386	106
1	201	1397.250640301183	107
1	202	1409.420835254558	108
1	203	1410.476961690846	109
1	204	1424.307253688758	108
1	205	1424.307253688758	108
1	206	1435.669782991679	109
1	207	1448.195858240796	110
1	208	1515.849763440167	111
1	209	1517.46846430729	112
1	210	1537.727552478323	113
1	211	1539.500808229774	114
1	212	1549.060472468998	115
1	213	1550.382309565145	116
1	214	1551.622879865121	115
1	215	1551.622879865121	115
1	216	1569.221598431006	116
1	217	1585.688789444274	117
1	218	1594.107599061594	118
1	219	1599.336299362478	119
1	220	1600.053053205607	120
1	221	1612.007438868429	121
1	222	1618.050429586905	122
1	223	1630.853771625029	123
1	224	1647.075854470063	122
1	225	1647.075854470063	122
1	226	1650.981498987087	123
1	227	1672.860973554324	122
1	228	1672.860973554324	122
1	229	1688.081104906125	123
1	230	1689.439633618351	122
1	231	1689.439633618351	122
1	232	1707.446877281037	123
1	233	1707.564709600221	124
1	234	1710.53966299948	123
1	235	1710.53966299948	123
1	236	1712.027237805411	124
1	237	1725.120221445639	125
1	238	1727.00317119783	126
1	239	1734.364482197696	127
1	240	1734.923182726581	128
1	241	1737.154574807589	129
1	242	1737.341529511799	130
1	243	1742.771130115142	129
1	244	1742.771130115142	129
1	245	1753.125656732859	130
1	246	1755.660713784293	131
1	247	1759.89728479786	132
1	248	1786.219473423348	133
1	249	1798.407441456782	134
1	250	1798.731009503235	135
1	251	1800.530582918753	136
1	252	1810.245404499702	137
1	253	1814.913104548579	136
1	254	1814.913104548579	136
1	255	1818.854640866509	137
1	256	1821.571321569932	138
1	257	1848.784804129062	139
1	258	1851.849286219251	138
1	259	1851.849286219251	138
1	260	1858.303101204484	139
1	261	1865.973897750207	140
1	262	1874.887683519307	141
1	263	1887.985537232924	142
1	264	1891.724402191955	143
1	265	1896.803053418822	144
1	266	1899.158299153007	145
1	267	1901.218619637837	146
1	268	1930.109375556825	147
1	269	1943.562849889164	148
1	270	1950.305295585526	149
1	271	1952.885423224926	150
1	272	1955.820499744159	151
1	273	1956.418309373313	152
1	274	1962.117285026378	153
1	275	1965.853982970323	154
1	276	1968.183838753956	153
1	277	1968.183838753956	153
1	278	1977.772564006872	154
1	279	1982.516726910201	155
1	280	1984.496404263541	156
1	281	1984.746287796669	157
1	282	1985.442464507405	158
1	283	1996.817849562811	159
1	284	2002.863661746163	160
1	285	2010.554859757127	161
1	286	2033.253259914968	162
1	287	2039.824383770035	161
1	288	2039.824383770035	161
1	289	2079.649785178705	162
1	290	2082.094695399134	163
1	291	2092.973739735277	164
1	292	2096.02978875342	165
1	293	2096.238460939522	166
1	294	2110.442295495374	167
1	295	2114.299172435826	168
1	296	2119.135556310722	169
1	297	2128.010575595559	170
1	298	2133.873609772479	169
1	299	2133.873609772479	169
1	300	2145.792008963899	170
1	301	2155.707051892871	171
1	302	2157.98266730268	170
1	303	2157.98266730268	170
1	304	2176.31526430168	171
1	305	2179.511010850408	172
1	306	2195.508205268808	173
1	307	2197.561682956165	174
1	308	2205.002454998374	173
1	309	2205.002454998374	173
1	310	2228.093529652099	174
1	311	2239.724662486354	175
1	312	2242.151847423072	176
1	313	2244.084362070077	175
1	314	2244.084362070077	175
1	315	2268.918172047204	174
1	316	2268.918172047204	174
1	317	2271.596650197305	175
1	318	2284.420415338288	174
1	319	2284.420415338288	174
1	320	2284.721730126961	175
1	321	2287.651244711827	176
1	322	2290.05047990619	177
1	323	2297.352756558581	178
1	324	2297.612734010512	179
1	325	2299.93798419436	180
1	326	2305.466367900878	181
1	327	2310.153132660647	182
1	328	2316.381425758296	183
1	329	2319.633585938059	184
1	330	2322.188733092858	183
1	331	2322.188733092858	183
1	332	2328.471442498388	184
1	333	2339.16689703308	183
1	334	2339.16689703308	183
1	335	2348.411834511158	184
1	336	2349.662160410393	185
1	337	2356.947398837736	186
1	338	2358.363819185688	187
1	339	2363.645941956537	186
1	340	2363.645941956537	186
1	341	2370.981945920561	187
1	342	2376.024745253076	188
1	343	2383.934120563955	187
1	344	2383.934120563955	187
1	345	2384.358527659535	188
1	346	2386.383115296516	189
1	347	2387.94787300036	190
1	348	2394.643278908971	191
1	349	2399.037832813899	192
1	350	2427.244192298049	193
1	351	2441.739740062325	194
1	352	2447.425265976196	193
1	353	2447.425265976196	193
1	354	2455.549371018993	194
1	355	2478.954290625567	195
1	356	2479.825376458152	196
1	357	2487.859294084823	197
1	358	2496.641444872006	198
1	359	2529.326408880235	199
1	360	2532.781604717322	200
1	361	2535.536884087705	201
1	362	2536.593755828752	202
1	363	2536.759416772968	203
1	364	2563.285001928173	204
1	365	2574.369099470313	205
1	366	2589.747386615079	206
1	367	2593.05648542684	207
1	368	2601.885290876411	208
1	369	2602.546210983345	209
1	370	2605.608678537393	208
1	371	2605.608678537393	208
1	372	2609.194288478861	209
1	373	2635.16380885708	208
1	374	2635.16380885708	208
1	375	2647.134526309739	209
1	376	2668.050092035972	210
1	377	2672.17739070324	211
1	378	2673.383020497286	210
1	379	2673.383020497286	210
1	380	2704.766600475087	211
1	381	2707.402371603439	212
1	382	2737.224378358165	213
1	383	2765.59078029192	214
1	384	2781.645367922598	215
1	385	2786.469354666149	214
1	386	2786.469354666149	214
1	387	2791.600004356265	215
1	388	2812.337618987266	216
1	389	2815.805152025154	217
1	390	2834.706169006117	218
1	391	2844.326288272018	219
1	392	2844.459540720302	220
1	393	2848.724898840667	221
1	394	2850.328239785533	222
1	395	2890.407736334277	223
1	396	2896.915709757868	224
1	397	2903.795144542478	225
1	398	2913.997015422026	226
1	399	2918.594928599784	227
1	400	2920.067178972915	228
1	401	2937.333512770337	229
1	402	2939.438845652378	230
1	403	2946.599298832314	231
1	404	2949.139412615816	232
1	405	2950.169096253008	233
1	406	2969.987999664097	234
1	407	3005.723554456453	233
1	408	3005.723554456453	233
1	409	3006.077409713935	234
1	410	3013.372087900246	233
1	411	3013.372087900246	233
1	412	3038.477039382943	234
1	413	3062.180915189083	235
1	414	3077.05521273248	236
1	415	3081.107041555904	237
1	416	3081.952836473523	238
1	417	3087.182513010081	239
1	418	3089.825217651438	240
1	419	3091.246472765365	241
1	420	3091.795546490876	242
1	421	3100.610154444393	241
1	422	3100.610154444393	241
1	423	3104.727025078834	242
1	424	3104.841957580919	243
1	425	3117.007648561429	242
1	426	3117.007648561429	242
1	427	3119.563999160855	243
1	428	3121.153330957417	244
1	429	3121.981953686602	245
1	430	3122.920699159428	246
1	431	3131.250032546328	245
1	432	3131.250032546328	245
1	433	3134.069573378498	246
1	434	3136.884813603208	247
1	435	3142.341390750881	248
1	436	3150.491574059844	249
1	437	3156.471322486995	248
1	438	3156.471322486995	248
1	439	3163.098255495721	247
1	440	3163.098255495721	247
1	441	3170.192149715768	248
1	442	3183.176606071815	249
1	443	3186.328206358973	250
1	444	3187.737885203124	251
1	445	3188.307550527793	252
1	446	3191.89716371156	253
1	447	3194.936879303849	254
1	448	3201.027523857085	255
1	449	3212.524937734583	256
1	450	3224.419900247932	257
1	451	3227.753933631686	258
1	452	3232.533113506797	259
1	453	3234.531668886004	260
1	454	3250.069123906326	261
1	455	3250.654402895791	262
1	456	3262.594536601743	263
1	457	3277.676688918013	264
1	458	3292.700816855121	265
1	459	3295.704067657978	266
1	460	3300.385132190326	267
1	461	3309.242738650625	268
1	462	3312.428577129416	269
1	463	3317.062477404816	270
1	464	3319.257159013754	271
1	465	3325.416351851596	272
1	466	3325.872732346551	273
1	467	3341.95691083741	274
1	468	3342.75769939685	275
1	469	3350.073152788177	276
1	470	3353.737665706503	277
1	471	3362.354340624455	278
1	472	3385.465921383978	277
1	473	3385.465921383978	277
1	474	3394.402428920572	278
1	475	3404.7748798616	279
1	476	3405.134908159094	280
1	477	3410.763160177266	281
1	478	3412.047661198245	280
1	479	3412.047661198245	280
1	480	3417.897003005274	281
1	481	3425.579536423948	282
1	482	3437.017490215136	283
1	483	3440.269198920022	284
1	484	3441.648731239316	285
1	485	3446.635654568016	286
1	486	3477.963949463482	287
1	487	3480.035801285994	288
1	488	3480.839972906747	287
1	489	3480.839972906747	287
1	490	3494.043509842451	286
1	491	3494.043509842451	286
1	492	3503.468200586921	287
1	493	3511.316570782837	288
1	494	3517.421399232814	289
1	495	3518.271663617849	288
1	496	3518.271663617849	288
1	497	3538.309868069885	287
1	498	3538.309868069885	287
1	499	3538.795616136987	288
1	500	3544.931658234398	289
1	501	3557.811277985157	290
1	502	3562.90330285382	291
1	503	3586.341999261806	292
1	504	3598.054636211276	293
1	505	3610.081774049569	294
1	506	3614.052583549774	295
1	507	3619.662154861035	294
1	508	3619.662154861035	294
1	509	3628.190416845168	295
1	510	3635.035066503164	294
1	511	3635.035066503164	294
1	512	3638.29810847616	295
1	513	3641.042743696196	296
1	514	3642.792694178378	297
1	515	3658.70825540631	298
1	516	3690.69080517401	299
1	517	3696.818259622648	300
1	518	3705.758273649449	301
1	519	3725.258042767916	302
1	520	3731.368618380772	303
1	521	3761.708044104747	304
1	522	3770.282395130885	305
1	523	3787.47308824877	306
1	524	3811.424886142664	307
1	525	3828.327235690249	308
1	526	3830.063801322333	309
1	527	3839.976596379926	310
1	528	3845.058790920454	311
1	529	3845.706447848352	312
1	530	3851.223483974256	313
1	531	3854.21676779844	314
1	532	3873.124059342754	315
1	533	3873.462777895178	316
1	534	3905.400396622001	317
1	535	3909.791166477879	318
1	536	3914.202714585175	319
1	537	3914.367347425022	320
1	538	3916.415870096488	321
1	539	3921.545140014778	322
1	540	3948.03702263708	323
1	541	3949.086350110364	324
1	542	3969.055290648532	323
1	543	3969.055290648532	323
1	544	3978.14554614692	324
1	545	3982.965770697057	323
1	546	3982.965770697057	323
1	547	3998.50848801964	324
1	548	4004.562825836042	325
1	549	4008.518481839994	326
1	550	4011.167831216368	327
1	551	4020.699056599029	328
1	552	4021.03539580823	329
1	553	4021.192687045979	330
1	554	4026.792770779287	331
1	555	4027.497790262892	332
1	556	4030.400524414125	333
1	557	4032.900032580623	334
1	558	4035.819493297911	335
1	559	4037.224250467461	336
1	560	4037.345342918077	337
1	561	4038.572492991247	338
1	562	4048.208419954139	339
1	563	4084.804041138756	340
1	564	4131.206841098254	341
1	565	4136.467149055855	342
1	566	4138.245916634419	343
1	567	4148.428092422489	344
1	568	4154.165509164767	343
1	569	4154.165509164767	343
1	570	4155.167526864676	344
1	571	4200.645765383275	345
1	572	4200.776236876006	344
1	573	4200.776236876006	344
1	574	4201.321106952046	345
1	575	4216.610495659165	346
1	576	4217.725730258212	345
1	577	4217.725730258212	345
1	578	4219.003302745792	344
1	579	4219.003302745792	344
1	580	4220.0128678553	345
1	581	4222.775919784575	346
1	582	4233.637952896148	347
1	583	4236.462420015731	348
1	584	4240.566233383841	347
1	585	4240.566233383841	347
1	586	4247.424345625825	348
1	587	4254.708121356152	349
1	588	4260.226142572534	350
1	589	4268.315939523862	351
1	590	4271.699400710849	352
1	591	4283.960722833185	353
1	592	4287.129969549001	352
1	593	4287.129969549001	352
1	594	4289.31971078658	353
1	595	4293.791109812554	354
1	596	4311.43198373444	355
1	597	4316.895344954179	354
1	598	4316.895344954179	354
1	599	4337.330245189412	355
1	600	4337.801237899967	356
1	601	4340.449060633352	357
1	602	4344.73413667515	358
1	603	4361.606319562725	359
1	604	4403.936477526045	360
1	605	4421.810607739529	359
1	606	4421.810607739529	359
1	607	4438.665034585071	360
1	608	4462.198382265803	361
1	609	4464.482247587544	360
1	610	4464.482247587544	360
1	611	4465.716056120102	361
1	612	4475.027271451066	360
1	613	4475.027271451066	360
1	614	4486.30817224796	359
1	615	4486.30817224796	359
1	616	4494.050774574165	358
1	617	4494.050774574165	358
1	618	4514.013258599795	359
1	619	4516.882349553631	360
1	620	4518.00179496507	361
1	621	4525.935186547025	360
1	622	4525.935186547025	360
1	623	4548.15147768693	361
1	624	4550.809643177153	362
1	625	4562.51400047729	363
1	626	4563.11528416859	364
1	627	4576.234914979438	365
1	628	4594.431754593165	364
1	629	4594.431754593165	364
1	630	4597.581938924848	365
1	631	4600.762484376757	366
1	632	4605.527642586483	367
1	633	4610.216424142762	368
1	634	4624.031014941243	369
1	635	4626.746572858062	370
1	636	4628.632220100573	371
1	637	4634.597719269343	372
1	638	4638.228507671185	373
1	639	4656.503770349352	374
1	640	4659.218470013646	375
1	641	4666.197845501959	376
1	642	4694.772098980119	377
1	643	4704.823255465843	378
1	644	4725.019100498036	379
1	645	4753.188217797683	380
1	646	4767.081802867167	381
1	647	4779.107376314257	382
1	648	4813.516816790111	383
1	649	4854.890746222377	382
1	650	4854.890746222377	382
1	651	4865.36811102044	383
1	652	4871.379657484279	384
1	653	4872.114721258467	385
1	654	4875.579054533417	386
1	655	4877.231984656624	387
1	656	4882.636011632643	388
1	657	4884.043463186928	389
1	658	4893.309849189896	390
1	659	4898.135601341503	391
1	660	4920.710369249067	392
1	661	4955.066603173844	393
1	662	4962.982694119878	394
1	663	4963.453023108042	393
1	664	4963.453023108042	393
1	665	4966.196097148568	394
1	666	4975.166627289625	395
1	667	4997.873728363592	396
1	668	5003.094841407701	397
1	669	5011.126209126913	398
1	670	5014.29598292577	399
1	671	5020.373830566936	400
1	672	5025.510686699577	401
1	673	5028.366375904608	402
1	674	5035.415869118365	403
1	675	5039.132026666644	404
1	676	5043.800670102277	405
1	677	5051.244452716254	406
1	678	5065.131225454926	407
1	679	5069.188488893595	408
1	680	5094.06375804443	407
1	681	5094.06375804443	407
1	682	5094.979620201455	408
1	683	5114.807746004193	409
1	684	5115.306902028456	410
1	685	5118.232408040368	411
1	686	5124.140760244414	412
1	687	5125.245919010434	413
1	688	5129.530329298342	414
1	689	5143.004817535251	415
1	690	5154.415250877784	416
1	691	5164.154036792583	417
1	692	5176.551017598748	418
1	693	5178.844189315115	419
1	694	5183.025105904551	420
1	695	5194.302710240283	421
1	696	5215.44177838675	422
1	697	5217.137949537615	421
1	698	5217.137949537615	421
1	699	5223.28734535593	422
1	700	5226.609951591717	423
1	701	5226.916969321829	424
1	702	5239.307334395612	425
1	703	5239.386487860673	426
1	704	5244.049458125049	427
1	705	5251.611120602952	428
1	706	5277.135885538427	429
1	707	5278.073439414526	430
1	708	5283.281228063232	431
1	709	5283.527364503943	432
1	710	5287.722157738634	433
1	711	5297.456883175094	434
1	712	5300.728986988358	435
1	713	5303.083045653404	436
1	714	5304.312671322283	437
1	715	5310.366460426174	436
1	716	5310.366460426174	436
1	717	5312.919818397422	437
1	718	5324.803110000297	438
1	719	5335.949220030288	439
1	720	5365.681303425104	440
1	721	5365.708372170891	441
1	722	5369.303522506899	440
1	723	5369.303522506899	440
1	724	5376.126816819101	441
1	725	5385.299534788221	442
1	726	5394.184821911476	443
1	727	5427.091310214071	444
1	728	5427.261466451366	445
1	729	5439.184624193557	446
1	730	5455.987448194371	447
1	731	5463.117012985653	448
1	732	5463.530894130269	447
1	733	5463.530894130269	447
1	734	5467.181141653128	448
1	735	5482.827707160103	449
1	736	5483.850724970199	450
1	737	5489.68532669325	451
1	738	5497.024026363475	452
1	739	5500.37626790283	451
1	740	5500.37626790283	451
1	741	5508.864303726945	452
1	742	5509.81714855567	453
1	743	5512.401741042846	454
1	744	5517.683180950064	455
1	745	5527.446101179749	456
1	746	5549.246305651307	457
1	747	5558.891303268907	458
1	748	5560.323790306761	459
1	749	5599.738377153025	460
1	750	5620.278901991661	461
1	751	5627.264937661124	462
1	752	5652.820114827765	463
1	753	5660.615465116072	464
1	754	5686.294791403094	465
1	755	5689.483816446398	464
1	756	5689.483816446398	464
1	757	5704.008324596296	465
1	758	5738.51842588989	466
1	759	5744.18755958952	465
1	760	5744.18755958952	465
1	761	5763.748600503438	466
1	762	5764.11559120625	467
1	763	5766.036546967736	468
1	764	5770.965334651405	469
1	765	5771.215024790995	468
1	766	5771.215024790995	468
1	767	5801.360650552744	469
1	768	5804.927813079478	470
1	769	5806.676915680436	471
1	770	5828.419244751779	472
1	771	5834.332272607474	473
1	772	5858.178426039782	474
1	773	5859.924704004582	475
1	774	5870.745722849422	476
1	775	5876.548618729254	477
2	33	170.772243719047	15
2	34	170.976499603038	16
2	35	170.976499603038	16
2	36	188.851376237425	17
2	37	188.851376237425	17
2	38	203.909218823799	18
2	39	203.909218823799	18
2	40	224.312361403218	19
2	41	224.312361403218	19
2	42	262.764580094636	20
2	43	262.764580094636	20
2	44	278.816975665251	20
2	45	285.006270261518	20
2	46	300.17163000142	20
2	47	301.430374095801	20
2	48	311.644692839293	20
2	49	313.191989644293	20
2	50	342.136194424164	20
2	51	349.514467341723	20
2	52	354.870124544002	20
2	53	357.942928065527	20
2	54	372.825476323044	20
2	55	378.916300554875	20
2	56	385.386243221777	20
2	57	385.386243221777	20
2	58	387.319647610997	20
2	59	387.509333303008	20
2	60	397.123142693666	20
2	61	406.593109465416	20
2	62	416.188589239098	20
2	63	444.967739451875	20
2	64	456.419128998876	20
2	65	460.874313949388	20
2	66	466.6196380168	20
2	67	475.1017871022	20
2	68	475.1017871022	20
2	69	478.580716011371	20
2	70	479.201868916035	20
2	71	488.722556166975	20
2	72	488.722556166975	20
2	73	490.190993591544	20
2	74	501.296968048416	20
2	75	503.659035109243	20
2	76	505.039321993528	20
2	77	508.828941636355	20
2	78	513.349962238601	20
2	79	521.794240173878	20
2	80	527.567483281943	20
2	81	572.112451743704	20
2	82	573.188802825265	20
2	83	575.531818013021	20
2	84	577.290953467277	20
2	85	587.878380618218	20
2	86	590.79918595089	20
2	87	597.078601760802	20
2	88	599.881371845592	20
2	89	601.612646407054	20
2	90	602.782200504979	20
2	91	613.462922476474	20
2	92	614.950045168995	20
2	93	617.138851134068	20
2	94	621.738990711471	20
2	95	627.709424634318	20
2	96	627.709424634318	20
2	97	638.942307288637	20
2	98	639.963756103886	20
2	99	658.16194529673	20
2	100	659.17229304982	20
2	101	663.754228948939	20
2	102	663.754228948939	20
2	103	696.662607645665	20
2	104	702.985973609623	20
2	105	722.074264309295	20
2	106	722.074264309295	20
2	107	740.605246454663	20
2	108	741.787649863738	20
2	109	741.787649863738	20
2	110	749.890031423677	20
2	111	763.3324841452	20
2	112	763.732247135783	20
2	113	767.05634954542	20
2	114	768.336917198532	20
2	115	771.848678092345	20
2	116	773.112564456598	20
2	117	776.939573945216	20
2	118	782.288417702785	20
2	119	782.951391717607	20
2	120	794.743286988259	20
2	121	803.104262307962	20
2	122	806.18841070894	20
2	123	813.59600021341	20
2	124	814.582503297593	20
2	125	823.161459708335	20
2	126	849.654018995099	20
2	127	853.489621136085	20
2	128	864.498080236993	20
2	129	865.911387372601	20
2	130	878.510725473691	20
2	131	881.927267143952	20
2	132	883.950771529624	20
2	133	890.86682610734	20
2	134	890.86682610734	20
2	135	892.782061949217	20
2	136	892.985186537173	20
2	137	910.642597261304	20
2	138	910.689662666227	20
2	139	919.40599118099	20
2	140	919.40599118099	20
2	141	922.016004085952	20
2	142	925.163220694498	20
2	143	938.450799432001	20
2	144	971.202231209149	20
2	145	974.06244093423	20
2	146	982.64637061252	20
2	147	991.612279320379	20
2	148	1000.104487436023	20
2	149	1002.628687364934	20
2	150	1025.202218866502	20
2	151	1025.202218866502	20
2	152	1032.81558730837	20
2	153	1032.81558730837	20
2	154	1033.151503933777	20
2	155	1039.077744208299	20
2	156	1057.812343006871	20
2	157	1069.834728679336	20
2	158	1073.364930012078	20
2	159	1078.27246618073	20
2	160	1078.27246618073	20
2	161	1090.174152057537	20
2	162	1095.224339535084	20
2	163	1116.519333495764	20
2	164	1125.224691759028	20
2	165	1146.57299625886	20
2	166	1158.366825595306	20
2	167	1171.285918283313	20
2	168	1178.243912892318	20
2	169	1207.581746833734	20
2	170	1207.581746833734	20
2	171	1209.4985964689	20
2	172	1219.826566575354	20
2	173	1225.340526476696	20
2	174	1234.664555280762	20
2	175	1234.858353094242	20
2	176	1238.44762525294	20
2	177	1249.240827239496	20
2	178	1252.666823486477	20
2	179	1262.290574044187	20
2	180	1267.890184744927	20
2	181	1269.345924529406	20
2	182	1272.64615730308	20
2	183	1272.64615730308	20
2	184	1272.88816585186	20
2	185	1281.327050577769	20
2	186	1290.264341360824	20
2	187	1298.805138717254	20
2	188	1309.395232571066	20
2	189	1319.953728657663	20
2	190	1325.599833668871	20
2	191	1348.286173595796	20
2	192	1352.867902435378	20
2	193	1357.059092529965	20
2	194	1357.059092529965	20
2	195	1358.592517949662	20
2	196	1371.130655064558	20
2	197	1371.130655064558	20
2	198	1380.841664521915	20
2	199	1381.915379584386	20
2	200	1381.915379584386	20
2	201	1397.250640301183	20
2	202	1409.420835254558	20
2	203	1410.476961690846	20
2	204	1424.307253688758	20
2	205	1424.307253688758	20
2	206	1435.669782991679	20
2	207	1448.195858240796	20
2	208	1515.849763440167	20
2	209	1517.46846430729	20
2	210	1537.727552478323	20
2	211	1539.500808229774	20
2	212	1549.060472468998	20
2	213	1550.382309565145	20
2	214	1551.622879865121	20
2	215	1551.622879865121	20
2	216	1569.221598431006	20
2	217	1585.688789444274	20
2	218	1594.107599061594	20
2	219	1599.336299362478	20
2	220	1600.053053205607	20
2	221	1612.007438868429	20
2	222	1618.050429586905	20
2	223	1630.853771625029	20
2	224	1647.075854470063	20
2	225	1647.075854470063	20
2	226	1650.981498987087	20
2	227	1672.860973554324	20
2	228	1672.860973554324	20
2	229	1688.081104906125	20
2	230	1689.439633618351	20
2	231	1689.439633618351	20
2	232	1707.446877281037	20
2	233	1707.564709600221	20
2	234	1710.53966299948	20
2	235	1710.53966299948	20
2	236	1712.027237805411	20
2	237	1725.120221445639	20
2	238	1727.00317119783	20
2	239	1734.364482197696	20
2	240	1734.923182726581	20
2	241	1737.154574807589	20
2	242	1737.341529511799	20
2	243	1742.771130115142	20
2	244	1742.771130115142	20
2	245	1753.125656732859	20
2	246	1755.660713784293	20
2	247	1759.89728479786	20
2	248	1786.219473423348	20
2	249	1798.407441456782	20
2	250	1798.731009503235	20
2	251	1800.530582918753	20
2	252	1810.245404499702	20
2	253	1814.913104548579	20
2	254	1814.913104548579	20
2	255	1818.854640866509	20
2	256	1821.571321569932	20
2	257	1848.784804129062	20
2	258	1851.849286219251	20
2	259	1851.849286219251	20
2	260	1858.303101204484	20
2	261	1865.973897750207	20
2	262	1874.887683519307	20
2	263	1887.985537232924	20
2	264	1891.724402191955	20
2	265	1896.803053418822	20
2	266	1899.158299153007	20
2	267	1901.218619637837	20
2	268	1930.109375556825	20
2	269	1943.562849889164	20
2	270	1950.305295585526	20
2	271	1952.885423224926	20
2	272	1955.820499744159	20
2	273	1956.418309373313	20
2	274	1962.117285026378	20
2	275	1965.853982970323	20
2	276	1968.183838753956	20
2	277	1968.183838753956	20
2	278	1977.772564006872	20
2	279	1982.516726910201	20
2	280	1984.496404263541	20
2	281	1984.746287796669	20
2	282	1985.442464507405	20
2	283	1996.817849562811	20
2	284	2002.863661746163	20
2	285	2010.554859757127	20
2	286	2033.253259914968	20
2	287	2039.824383770035	20
2	288	2039.824383770035	20
2	289	2079.649785178705	20
2	290	2082.094695399134	20
2	291	2092.973739735277	20
2	292	2096.02978875342	20
2	293	2096.238460939522	20
2	294	2110.442295495374	20
2	295	2114.299172435826	20
2	296	2119.135556310722	20
2	297	2128.010575595559	20
2	298	2133.873609772479	20
2	299	2133.873609772479	20
2	300	2145.792008963899	20
2	301	2155.707051892871	20
2	302	2157.98266730268	20
2	303	2157.98266730268	20
2	304	2176.31526430168	20
2	305	2179.511010850408	20
2	306	2195.508205268808	20
2	307	2197.561682956165	20
2	308	2205.002454998374	20
2	309	2205.002454998374	20
2	310	2228.093529652099	20
2	311	2239.724662486354	20
2	312	2242.151847423072	20
2	313	2244.084362070077	20
2	314	2244.084362070077	20
2	315	2268.918172047204	20
2	316	2268.918172047204	20
2	317	2271.596650197305	20
2	318	2284.420415338288	20
2	319	2284.420415338288	20
2	320	2284.721730126961	20
2	321	2287.651244711827	20
2	322	2290.05047990619	20
2	323	2297.352756558581	20
2	324	2297.612734010512	20
2	325	2299.93798419436	20
2	326	2305.466367900878	20
2	327	2310.153132660647	20
2	328	2316.381425758296	20
2	329	2319.633585938059	20
2	330	2322.188733092858	20
2	331	2322.188733092858	20
2	332	2328.471442498388	20
2	333	2339.16689703308	20
2	334	2339.16689703308	20
2	335	2348.411834511158	20
2	336	2349.662160410393	20
2	337	2356.947398837736	20
2	338	2358.363819185688	20
2	339	2363.645941956537	20
2	340	2363.645941956537	20
2	341	2370.981945920561	20
2	342	2376.024745253076	20
2	343	2383.934120563955	20
2	344	2383.934120563955	20
2	345	2384.358527659535	20
2	346	2386.383115296516	20
2	347	2387.94787300036	20
2	348	2394.643278908971	20
2	349	2399.037832813899	20
2	350	2427.244192298049	20
2	351	2441.739740062325	20
2	352	2447.425265976196	20
2	353	2447.425265976196	20
2	354	2455.549371018993	20
2	355	2478.954290625567	20
2	356	2479.825376458152	20
2	357	2487.859294084823	20
2	358	2496.641444872006	20
2	359	2529.326408880235	20
2	360	2532.781604717322	20
2	361	2535.536884087705	20
2	362	2536.593755828752	20
2	363	2536.759416772968	20
2	364	2563.285001928173	20
2	365	2574.369099470313	20
2	366	2589.747386615079	20
2	367	2593.05648542684	20
2	368	2601.885290876411	20
2	369	2602.546210983345	20
2	370	2605.608678537393	20
2	371	2605.608678537393	20
2	372	2609.194288478861	20
2	373	2635.16380885708	20
2	374	2635.16380885708	20
2	375	2647.134526309739	20
2	376	2668.050092035972	20
2	377	2672.17739070324	20
2	378	2673.383020497286	20
2	379	2673.383020497286	20
2	380	2704.766600475087	20
2	381	2707.402371603439	20
2	382	2737.224378358165	20
2	383	2765.59078029192	20
2	384	2781.645367922598	20
2	385	2786.469354666149	20
2	386	2786.469354666149	20
2	387	2791.600004356265	20
2	388	2812.337618987266	20
2	389	2815.805152025154	20
2	390	2834.706169006117	20
2	391	2844.326288272018	20
2	392	2844.459540720302	20
2	393	2848.724898840667	20
2	394	2850.328239785533	20
2	395	2890.407736334277	20
2	396	2896.915709757868	20
2	397	2903.795144542478	20
2	398	2913.997015422026	20
2	399	2918.594928599784	20
2	400	2920.067178972915	20
2	401	2937.333512770337	20
2	402	2939.438845652378	20
2	403	2946.599298832314	20
2	404	2949.139412615816	20
2	405	2950.169096253008	20
2	406	2969.987999664097	20
2	407	3005.723554456453	20
2	408	3005.723554456453	20
2	409	3006.077409713935	20
2	410	3013.372087900246	20
2	411	3013.372087900246	20
2	412	3038.477039382943	20
2	413	3062.180915189083	20
2	414	3077.05521273248	20
2	415	3081.107041555904	20
2	416	3081.952836473523	20
2	417	3087.182513010081	20
2	418	3089.825217651438	20
2	419	3091.246472765365	20
2	420	3091.795546490876	20
2	421	3100.610154444393	20
2	422	3100.610154444393	20
2	423	3104.727025078834	20
2	424	3104.841957580919	20
2	425	3117.007648561429	20
2	426	3117.007648561429	20
2	427	3119.563999160855	20
2	428	3121.153330957417	20
2	429	3121.981953686602	20
2	430	3122.920699159428	20
2	431	3131.250032546328	20
2	432	3131.250032546328	20
2	433	3134.069573378498	20
2	434	3136.884813603208	20
2	435	3142.341390750881	20
2	436	3150.491574059844	20
2	437	3156.471322486995	20
2	438	3156.471322486995	20
2	439	3163.098255495721	20
2	440	3163.098255495721	20
2	441	3170.192149715768	20
2	442	3183.176606071815	20
2	443	3186.328206358973	20
2	444	3187.737885203124	20
2	445	3188.307550527793	20
2	446	3191.89716371156	20
2	447	3194.936879303849	20
2	448	3201.027523857085	20
2	449	3212.524937734583	20
2	450	3224.419900247932	20
2	451	3227.753933631686	20
2	452	3232.533113506797	20
2	453	3234.531668886004	20
2	454	3250.069123906326	20
2	455	3250.654402895791	20
2	456	3262.594536601743	20
2	457	3277.676688918013	20
2	458	3292.700816855121	20
2	459	3295.704067657978	20
2	460	3300.385132190326	20
2	461	3309.242738650625	20
2	462	3312.428577129416	20
2	463	3317.062477404816	20
2	464	3319.257159013754	20
2	465	3325.416351851596	20
2	466	3325.872732346551	20
2	467	3341.95691083741	20
2	468	3342.75769939685	20
2	469	3350.073152788177	20
2	470	3353.737665706503	20
2	471	3362.354340624455	20
2	472	3385.465921383978	20
2	473	3385.465921383978	20
2	474	3394.402428920572	20
2	475	3404.7748798616	20
2	476	3405.134908159094	20
2	477	3410.763160177266	20
2	478	3412.047661198245	20
2	479	3412.047661198245	20
2	480	3417.897003005274	20
2	481	3425.579536423948	20
2	482	3437.017490215136	20
2	483	3440.269198920022	20
2	484	3441.648731239316	20
2	485	3446.635654568016	20
2	486	3477.963949463482	20
2	487	3480.035801285994	20
2	488	3480.839972906747	20
2	489	3480.839972906747	20
2	490	3494.043509842451	20
2	491	3494.043509842451	20
2	492	3503.468200586921	20
2	493	3511.316570782837	20
2	494	3517.421399232814	20
2	495	3518.271663617849	20
2	496	3518.271663617849	20
2	497	3538.309868069885	20
2	498	3538.309868069885	20
2	499	3538.795616136987	20
2	500	3544.931658234398	20
2	501	3557.811277985157	20
2	502	3562.90330285382	20
2	503	3586.341999261806	20
2	504	3598.054636211276	20
2	505	3610.081774049569	20
2	506	3614.052583549774	20
2	507	3619.662154861035	20
2	508	3619.662154861035	20
2	509	3628.190416845168	20
2	510	3635.035066503164	20
2	511	3635.035066503164	20
2	512	3638.29810847616	20
2	513	3641.042743696196	20
2	514	3642.792694178378	20
2	515	3658.70825540631	20
2	516	3690.69080517401	20
2	517	3696.818259622648	20
2	518	3705.758273649449	20
2	519	3725.258042767916	20
2	520	3731.368618380772	20
2	521	3761.708044104747	20
2	522	3770.282395130885	20
2	523	3787.47308824877	20
2	524	3811.424886142664	20
2	525	3828.327235690249	20
2	526	3830.063801322333	20
2	527	3839.976596379926	20
2	528	3845.058790920454	20
2	529	3845.706447848352	20
2	530	3851.223483974256	20
2	531	3854.21676779844	20
2	532	3873.124059342754	20
2	533	3873.462777895178	20
2	534	3905.400396622001	20
2	535	3909.791166477879	20
2	536	3914.202714585175	20
2	537	3914.367347425022	20
2	538	3916.415870096488	20
2	539	3921.545140014778	20
2	540	3948.03702263708	20
2	541	3949.086350110364	20
2	542	3969.055290648532	20
2	543	3969.055290648532	20
2	544	3978.14554614692	20
2	545	3982.965770697057	20
2	546	3982.965770697057	20
2	547	3998.50848801964	20
2	548	4004.562825836042	20
2	549	4008.518481839994	20
2	550	4011.167831216368	20
2	551	4020.699056599029	20
2	552	4021.03539580823	20
2	553	4021.192687045979	20
2	554	4026.792770779287	20
2	555	4027.497790262892	20
2	556	4030.400524414125	20
2	557	4032.900032580623	20
2	558	4035.819493297911	20
2	559	4037.224250467461	20
2	560	4037.345342918077	20
2	561	4038.572492991247	20
2	562	4048.208419954139	20
2	563	4084.804041138756	20
2	564	4131.206841098254	20
2	565	4136.467149055855	20
2	566	4138.245916634419	20
2	567	4148.428092422489	20
2	568	4154.165509164767	20
2	569	4154.165509164767	20
2	570	4155.167526864676	20
2	571	4200.645765383275	20
2	572	4200.776236876006	20
2	573	4200.776236876006	20
2	574	4201.321106952046	20
2	575	4216.610495659165	20
2	576	4217.725730258212	20
2	577	4217.725730258212	20
2	578	4219.003302745792	20
2	579	4219.003302745792	20
2	580	4220.0128678553	20
2	581	4222.775919784575	20
2	582	4233.637952896148	20
2	583	4236.462420015731	20
2	584	4240.566233383841	20
2	585	4240.566233383841	20
2	586	4247.424345625825	20
2	587	4254.708121356152	20
2	588	4260.226142572534	20
2	589	4268.315939523862	20
2	590	4271.699400710849	20
2	591	4283.960722833185	20
2	592	4287.129969549001	20
2	593	4287.129969549001	20
2	594	4289.31971078658	20
2	595	4293.791109812554	20
2	596	4311.43198373444	20
2	597	4316.895344954179	20
2	598	4316.895344954179	20
2	599	4337.330245189412	20
2	600	4337.801237899967	20
2	601	4340.449060633352	20
2	602	4344.73413667515	20
2	603	4361.606319562725	20
2	604	4403.936477526045	20
2	605	4421.810607739529	20
2	606	4421.810607739529	20
2	607	4438.665034585071	20
2	608	4462.198382265803	20
2	609	4464.482247587544	20
2	610	4464.482247587544	20
2	611	4465.716056120102	20
2	612	4475.027271451066	20
2	613	4475.027271451066	20
2	614	4486.30817224796	20
2	615	4486.30817224796	20
2	616	4494.050774574165	20
2	617	4494.050774574165	20
2	618	4514.013258599795	20
2	619	4516.882349553631	20
2	620	4518.00179496507	20
2	621	4525.935186547025	20
2	622	4525.935186547025	20
2	623	4548.15147768693	20
2	624	4550.809643177153	20
2	625	4562.51400047729	20
2	626	4563.11528416859	20
2	627	4576.234914979438	20
2	628	4594.431754593165	20
2	629	4594.431754593165	20
2	630	4597.581938924848	20
2	631	4600.762484376757	20
2	632	4605.527642586483	20
2	633	4610.216424142762	20
2	634	4624.031014941243	20
2	635	4626.746572858062	20
2	636	4628.632220100573	20
2	637	4634.597719269343	20
2	638	4638.228507671185	20
2	639	4656.503770349352	20
2	640	4659.218470013646	20
2	641	4666.197845501959	20
2	642	4694.772098980119	20
2	643	4704.823255465843	20
2	644	4725.019100498036	20
2	645	4753.188217797683	20
2	646	4767.081802867167	20
2	647	4779.107376314257	20
2	648	4813.516816790111	20
2	649	4854.890746222377	20
2	650	4854.890746222377	20
2	651	4865.36811102044	20
2	652	4871.379657484279	20
2	653	4872.114721258467	20
2	654	4875.579054533417	20
2	655	4877.231984656624	20
2	656	4882.636011632643	20
2	657	4884.043463186928	20
2	658	4893.309849189896	20
2	659	4898.135601341503	20
2	660	4920.710369249067	20
2	661	4955.066603173844	20
2	662	4962.982694119878	20
2	663	4963.453023108042	20
2	664	4963.453023108042	20
2	665	4966.196097148568	20
2	666	4975.166627289625	20
2	667	4997.873728363592	20
2	668	5003.094841407701	20
2	669	5011.126209126913	20
2	670	5014.29598292577	20
2	671	5020.373830566936	20
2	672	5025.510686699577	20
2	673	5028.366375904608	20
2	674	5035.415869118365	20
2	675	5039.132026666644	20
2	676	5043.800670102277	20
2	677	5051.244452716254	20
2	678	5065.131225454926	20
2	679	5069.188488893595	20
2	680	5094.06375804443	20
2	681	5094.06375804443	20
2	682	5094.979620201455	20
2	683	5114.807746004193	20
2	684	5115.306902028456	20
2	685	5118.232408040368	20
2	686	5124.140760244414	20
2	687	5125.245919010434	20
2	688	5129.530329298342	20
2	689	5143.004817535251	20
2	690	5154.415250877784	20
2	691	5164.154036792583	20
2	692	5176.551017598748	20
2	693	5178.844189315115	20
2	694	5183.025105904551	20
2	695	5194.302710240283	20
2	696	5215.44177838675	20
2	697	5217.137949537615	20
2	698	5217.137949537615	20
2	699	5223.28734535593	20
2	700	5226.609951591717	20
2	701	5226.916969321829	20
2	702	5239.307334395612	20
2	703	5239.386487860673	20
2	704	5244.049458125049	20
2	705	5251.611120602952	20
2	706	5277.135885538427	20
2	707	5278.073439414526	20
2	708	5283.281228063232	20
2	709	5283.527364503943	20
2	710	5287.722157738634	20
2	711	5297.456883175094	20
2	712	5300.728986988358	20
2	713	5303.083045653404	20
2	714	5304.312671322283	20
2	715	5310.366460426174	20
2	716	5310.366460426174	20
2	717	5312.919818397422	20
2	718	5324.803110000297	20
2	719	5335.949220030288	20
2	720	5365.681303425104	20
2	721	5365.708372170891	20
2	722	5369.303522506899	20
2	723	5369.303522506899	20
2	724	5376.126816819101	20
2	725	5385.299534788221	20
2	726	5394.184821911476	20
2	727	5427.091310214071	20
2	728	5427.261466451366	20
2	729	5439.184624193557	20
2	730	5455.987448194371	20
2	731	5463.117012985653	20
2	732	5463.530894130269	20
2	733	5463.530894130269	20
2	734	5467.181141653128	20
2	735	5482.827707160103	20
2	736	5483.850724970199	20
2	737	5489.68532669325	20
2	738	5497.024026363475	20
2	739	5500.37626790283	20
2	740	5500.37626790283	20
2	741	5508.864303726945	20
2	742	5509.81714855567	20
2	743	5512.401741042846	20
2	744	5517.683180950064	20
2	745	5527.446101179749	20
2	746	5549.246305651307	20
2	747	5558.891303268907	20
2	748	5560.323790306761	20
2	749	5599.738377153025	20
2	750	5620.278901991661	20
2	751	5627.264937661124	20
2	752	5652.820114827765	20
2	753	5660.615465116072	20
2	754	5686.294791403094	20
2	755	5689.483816446398	20
2	756	5689.483816446398	20
2	757	5704.008324596296	20
2	758	5738.51842588989	20
2	759	5744.18755958952	20
2	760	5744.18755958952	20
2	761	5763.748600503438	20
2	762	5764.11559120625	20
2	763	5766.036546967736	20
2	764	5770.965334651405	20
2	765	5771.215024790995	20
2	766	5771.215024790995	20
2	767	5801.360650552744	20
2	768	5804.927813079478	20
2	769	5806.676915680436	20
2	770	5828.419244751779	20
2	771	5834.332272607474	20
2	772	5858.178426039782	20
2	773	5859.924704004582	20
2	774	5870.745722849422	20
2	775	5876.548618729254	20
3	33	170.772243719047	0.75
3	34	170.976499603038	0.8
3	35	170.976499603038	0.8
3	36	188.851376237425	0.85
3	37	188.851376237425	0.85
3	38	203.909218823799	0.9
3	39	203.909218823799	0.9
3	40	224.312361403218	0.95
3	41	224.312361403218	0.95
3	42	262.764580094636	1
3	43	262.764580094636	1
3	44	278.816975665251	1
3	45	285.006270261518	1
3	46	300.17163000142	1
3	47	301.430374095801	1
3	48	311.644692839293	1
3	49	313.191989644293	1
3	50	342.136194424164	1
3	51	349.514467341723	1
3	52	354.870124544002	1
3	53	357.942928065527	1
3	54	372.825476323044	1
3	55	378.916300554875	1
3	56	385.386243221777	1
3	57	385.386243221777	1
3	58	387.319647610997	1
3	59	387.509333303008	1
3	60	397.123142693666	1
3	61	406.593109465416	1
3	62	416.188589239098	1
3	63	444.967739451875	1
3	64	456.419128998876	1
3	65	460.874313949388	1
3	66	466.6196380168	1
3	67	475.1017871022	1
3	68	475.1017871022	1
3	69	478.580716011371	1
3	70	479.201868916035	1
3	71	488.722556166975	1
3	72	488.722556166975	1
3	73	490.190993591544	1
3	74	501.296968048416	1
3	75	503.659035109243	1
3	76	505.039321993528	1
3	77	508.828941636355	1
3	78	513.349962238601	1
3	79	521.794240173878	1
3	80	527.567483281943	1
3	81	572.112451743704	1
3	82	573.188802825265	1
3	83	575.531818013021	1
3	84	577.290953467277	1
3	85	587.878380618218	1
3	86	590.79918595089	1
3	87	597.078601760802	1
3	88	599.881371845592	1
3	89	601.612646407054	1
3	90	602.782200504979	1
3	91	613.462922476474	1
3	92	614.950045168995	1
3	93	617.138851134068	1
3	94	621.738990711471	1
3	95	627.709424634318	1
3	96	627.709424634318	1
3	97	638.942307288637	1
3	98	639.963756103886	1
3	99	658.16194529673	1
3	100	659.17229304982	1
3	101	663.754228948939	1
3	102	663.754228948939	1
3	103	696.662607645665	1
3	104	702.985973609623	1
3	105	722.074264309295	1
3	106	722.074264309295	1
3	107	740.605246454663	1
3	108	741.787649863738	1
3	109	741.787649863738	1
3	110	749.890031423677	1
3	111	763.3324841452	1
3	112	763.732247135783	1
3	113	767.05634954542	1
3	114	768.336917198532	1
3	115	771.848678092345	1
3	116	773.112564456598	1
3	117	776.939573945216	1
3	118	782.288417702785	1
3	119	782.951391717607	1
3	120	794.743286988259	1
3	121	803.104262307962	1
3	122	806.18841070894	1
3	123	813.59600021341	1
3	124	814.582503297593	1
3	125	823.161459708335	1
3	126	849.654018995099	1
3	127	853.489621136085	1
3	128	864.498080236993	1
3	129	865.911387372601	1
3	130	878.510725473691	1
3	131	881.927267143952	1
3	132	883.950771529624	1
3	133	890.86682610734	1
3	134	890.86682610734	1
3	135	892.782061949217	1
3	136	892.985186537173	1
3	137	910.642597261304	1
3	138	910.689662666227	1
3	139	919.40599118099	1
3	140	919.40599118099	1
3	141	922.016004085952	1
3	142	925.163220694498	1
3	143	938.450799432001	1
3	144	971.202231209149	1
3	145	974.06244093423	1
3	146	982.64637061252	1
3	147	991.612279320379	1
3	148	1000.104487436023	1
3	149	1002.628687364934	1
3	150	1025.202218866502	1
3	151	1025.202218866502	1
3	152	1032.81558730837	1
3	153	1032.81558730837	1
3	154	1033.151503933777	1
3	155	1039.077744208299	1
3	156	1057.812343006871	1
3	157	1069.834728679336	1
3	158	1073.364930012078	1
3	159	1078.27246618073	1
3	160	1078.27246618073	1
3	161	1090.174152057537	1
3	162	1095.224339535084	1
3	163	1116.519333495764	1
3	164	1125.224691759028	1
3	165	1146.57299625886	1
3	166	1158.366825595306	1
3	167	1171.285918283313	1
3	168	1178.243912892318	1
3	169	1207.581746833734	1
3	170	1207.581746833734	1
3	171	1209.4985964689	1
3	172	1219.826566575354	1
3	173	1225.340526476696	1
3	174	1234.664555280762	1
3	175	1234.858353094242	1
3	176	1238.44762525294	1
3	177	1249.240827239496	1
3	178	1252.666823486477	1
3	179	1262.290574044187	1
3	180	1267.890184744927	1
3	181	1269.345924529406	1
3	182	1272.64615730308	1
3	183	1272.64615730308	1
3	184	1272.88816585186	1
3	185	1281.327050577769	1
3	186	1290.264341360824	1
3	187	1298.805138717254	1
3	188	1309.395232571066	1
3	189	1319.953728657663	1
3	190	1325.599833668871	1
3	191	1348.286173595796	1
3	192	1352.867902435378	1
3	193	1357.059092529965	1
3	194	1357.059092529965	1
3	195	1358.592517949662	1
3	196	1371.130655064558	1
3	197	1371.130655064558	1
3	198	1380.841664521915	1
3	199	1381.915379584386	1
3	200	1381.915379584386	1
3	201	1397.250640301183	1
3	202	1409.420835254558	1
3	203	1410.476961690846	1
3	204	1424.307253688758	1
3	205	1424.307253688758	1
3	206	1435.669782991679	1
3	207	1448.195858240796	1
3	208	1515.849763440167	1
3	209	1517.46846430729	1
3	210	1537.727552478323	1
3	211	1539.500808229774	1
3	212	1549.060472468998	1
3	213	1550.382309565145	1
3	214	1551.622879865121	1
3	215	1551.622879865121	1
3	216	1569.221598431006	1
3	217	1585.688789444274	1
3	218	1594.107599061594	1
3	219	1599.336299362478	1
3	220	1600.053053205607	1
3	221	1612.007438868429	1
3	222	1618.050429586905	1
3	223	1630.853771625029	1
3	224	1647.075854470063	1
3	225	1647.075854470063	1
3	226	1650.981498987087	1
3	227	1672.860973554324	1
3	228	1672.860973554324	1
3	229	1688.081104906125	1
3	230	1689.439633618351	1
3	231	1689.439633618351	1
3	232	1707.446877281037	1
3	233	1707.564709600221	1
3	234	1710.53966299948	1
3	235	1710.53966299948	1
3	236	1712.027237805411	1
3	237	1725.120221445639	1
3	238	1727.00317119783	1
3	239	1734.364482197696	1
3	240	1734.923182726581	1
3	241	1737.154574807589	1
3	242	1737.341529511799	1
3	243	1742.771130115142	1
3	244	1742.771130115142	1
3	245	1753.125656732859	1
3	246	1755.660713784293	1
3	247	1759.89728479786	1
3	248	1786.219473423348	1
3	249	1798.407441456782	1
3	250	1798.731009503235	1
3	251	1800.530582918753	1
3	252	1810.245404499702	1
3	253	1814.913104548579	1
3	254	1814.913104548579	1
3	255	1818.854640866509	1
3	256	1821.571321569932	1
3	257	1848.784804129062	1
3	258	1851.849286219251	1
3	259	1851.849286219251	1
3	260	1858.303101204484	1
3	261	1865.973897750207	1
3	262	1874.887683519307	1
3	263	1887.985537232924	1
3	264	1891.724402191955	1
3	265	1896.803053418822	1
3	266	1899.158299153007	1
3	267	1901.218619637837	1
3	268	1930.109375556825	1
3	269	1943.562849889164	1
3	270	1950.305295585526	1
3	271	1952.885423224926	1
3	272	1955.820499744159	1
3	273	1956.418309373313	1
3	274	1962.117285026378	1
3	275	1965.853982970323	1
3	276	1968.183838753956	1
3	277	1968.183838753956	1
3	278	1977.772564006872	1
3	279	1982.516726910201	1
3	280	1984.496404263541	1
3	281	1984.746287796669	1
3	282	1985.442464507405	1
3	283	1996.817849562811	1
3	284	2002.863661746163	1
3	285	2010.554859757127	1
3	286	2033.253259914968	1
3	287	2039.824383770035	1
3	288	2039.824383770035	1
3	289	2079.649785178705	1
3	290	2082.094695399134	1
3	291	2092.973739735277	1
3	292	2096.02978875342	1
3	293	2096.238460939522	1
3	294	2110.442295495374	1
3	295	2114.299172435826	1
3	296	2119.135556310722	1
3	297	2128.010575595559	1
3	298	2133.873609772479	1
3	299	2133.873609772479	1
3	300	2145.792008963899	1
3	301	2155.707051892871	1
3	302	2157.98266730268	1
3	303	2157.98266730268	1
3	304	2176.31526430168	1
3	305	2179.511010850408	1
3	306	2195.508205268808	1
3	307	2197.561682956165	1
3	308	2205.002454998374	1
3	309	2205.002454998374	1
3	310	2228.093529652099	1
3	311	2239.724662486354	1
3	312	2242.151847423072	1
3	313	2244.084362070077	1
3	314	2244.084362070077	1
3	315	2268.918172047204	1
3	316	2268.918172047204	1
3	317	2271.596650197305	1
3	318	2284.420415338288	1
3	319	2284.420415338288	1
3	320	2284.721730126961	1
3	321	2287.651244711827	1
3	322	2290.05047990619	1
3	323	2297.352756558581	1
3	324	2297.612734010512	1
3	325	2299.93798419436	1
3	326	2305.466367900878	1
3	327	2310.153132660647	1
3	328	2316.381425758296	1
3	329	2319.633585938059	1
3	330	2322.188733092858	1
3	331	2322.188733092858	1
3	332	2328.471442498388	1
3	333	2339.16689703308	1
3	334	2339.16689703308	1
3	335	2348.411834511158	1
3	336	2349.662160410393	1
3	337	2356.947398837736	1
3	338	2358.363819185688	1
3	339	2363.645941956537	1
3	340	2363.645941956537	1
3	341	2370.981945920561	1
3	342	2376.024745253076	1
3	343	2383.934120563955	1
3	344	2383.934120563955	1
3	345	2384.358527659535	1
3	346	2386.383115296516	1
3	347	2387.94787300036	1
3	348	2394.643278908971	1
3	349	2399.037832813899	1
3	350	2427.244192298049	1
3	351	2441.739740062325	1
3	352	2447.425265976196	1
3	353	2447.425265976196	1
3	354	2455.549371018993	1
3	355	2478.954290625567	1
3	356	2479.825376458152	1
3	357	2487.859294084823	1
3	358	2496.641444872006	1
3	359	2529.326408880235	1
3	360	2532.781604717322	1
3	361	2535.536884087705	1
3	362	2536.593755828752	1
3	363	2536.759416772968	1
3	364	2563.285001928173	1
3	365	2574.369099470313	1
3	366	2589.747386615079	1
3	367	2593.05648542684	1
3	368	2601.885290876411	1
3	369	2602.546210983345	1
3	370	2605.608678537393	1
3	371	2605.608678537393	1
3	372	2609.194288478861	1
3	373	2635.16380885708	1
3	374	2635.16380885708	1
3	375	2647.134526309739	1
3	376	2668.050092035972	1
3	377	2672.17739070324	1
3	378	2673.383020497286	1
3	379	2673.383020497286	1
3	380	2704.766600475087	1
3	381	2707.402371603439	1
3	382	2737.224378358165	1
3	383	2765.59078029192	1
3	384	2781.645367922598	1
3	385	2786.469354666149	1
3	386	2786.469354666149	1
3	387	2791.600004356265	1
3	388	2812.337618987266	1
3	389	2815.805152025154	1
3	390	2834.706169006117	1
3	391	2844.326288272018	1
3	392	2844.459540720302	1
3	393	2848.724898840667	1
3	394	2850.328239785533	1
3	395	2890.407736334277	1
3	396	2896.915709757868	1
3	397	2903.795144542478	1
3	398	2913.997015422026	1
3	399	2918.594928599784	1
3	400	2920.067178972915	1
3	401	2937.333512770337	1
3	402	2939.438845652378	1
3	403	2946.599298832314	1
3	404	2949.139412615816	1
3	405	2950.169096253008	1
3	406	2969.987999664097	1
3	407	3005.723554456453	1
3	408	3005.723554456453	1
3	409	3006.077409713935	1
3	410	3013.372087900246	1
3	411	3013.372087900246	1
3	412	3038.477039382943	1
3	413	3062.180915189083	1
3	414	3077.05521273248	1
3	415	3081.107041555904	1
3	416	3081.952836473523	1
3	417	3087.182513010081	1
3	418	3089.825217651438	1
3	419	3091.246472765365	1
3	420	3091.795546490876	1
3	421	3100.610154444393	1
3	422	3100.610154444393	1
3	423	3104.727025078834	1
3	424	3104.841957580919	1
3	425	3117.007648561429	1
3	426	3117.007648561429	1
3	427	3119.563999160855	1
3	428	3121.153330957417	1
3	429	3121.981953686602	1
3	430	3122.920699159428	1
3	431	3131.250032546328	1
3	432	3131.250032546328	1
3	433	3134.069573378498	1
3	434	3136.884813603208	1
3	435	3142.341390750881	1
3	436	3150.491574059844	1
3	437	3156.471322486995	1
3	438	3156.471322486995	1
3	439	3163.098255495721	1
3	440	3163.098255495721	1
3	441	3170.192149715768	1
3	442	3183.176606071815	1
3	443	3186.328206358973	1
3	444	3187.737885203124	1
3	445	3188.307550527793	1
3	446	3191.89716371156	1
3	447	3194.936879303849	1
3	448	3201.027523857085	1
3	449	3212.524937734583	1
3	450	3224.419900247932	1
3	451	3227.753933631686	1
3	452	3232.533113506797	1
3	453	3234.531668886004	1
3	454	3250.069123906326	1
3	455	3250.654402895791	1
3	456	3262.594536601743	1
3	457	3277.676688918013	1
3	458	3292.700816855121	1
3	459	3295.704067657978	1
3	460	3300.385132190326	1
3	461	3309.242738650625	1
3	462	3312.428577129416	1
3	463	3317.062477404816	1
3	464	3319.257159013754	1
3	465	3325.416351851596	1
3	466	3325.872732346551	1
3	467	3341.95691083741	1
3	468	3342.75769939685	1
3	469	3350.073152788177	1
3	470	3353.737665706503	1
3	471	3362.354340624455	1
3	472	3385.465921383978	1
3	473	3385.465921383978	1
3	474	3394.402428920572	1
3	475	3404.7748798616	1
3	476	3405.134908159094	1
3	477	3410.763160177266	1
3	478	3412.047661198245	1
3	479	3412.047661198245	1
3	480	3417.897003005274	1
3	481	3425.579536423948	1
3	482	3437.017490215136	1
3	483	3440.269198920022	1
3	484	3441.648731239316	1
3	485	3446.635654568016	1
3	486	3477.963949463482	1
3	487	3480.035801285994	1
3	488	3480.839972906747	1
3	489	3480.839972906747	1
3	490	3494.043509842451	1
3	491	3494.043509842451	1
3	492	3503.468200586921	1
3	493	3511.316570782837	1
3	494	3517.421399232814	1
3	495	3518.271663617849	1
3	496	3518.271663617849	1
3	497	3538.309868069885	1
3	498	3538.309868069885	1
3	499	3538.795616136987	1
3	500	3544.931658234398	1
3	501	3557.811277985157	1
3	502	3562.90330285382	1
3	503	3586.341999261806	1
3	504	3598.054636211276	1
3	505	3610.081774049569	1
3	506	3614.052583549774	1
3	507	3619.662154861035	1
3	508	3619.662154861035	1
3	509	3628.190416845168	1
3	510	3635.035066503164	1
3	511	3635.035066503164	1
3	512	3638.29810847616	1
3	513	3641.042743696196	1
3	514	3642.792694178378	1
3	515	3658.70825540631	1
3	516	3690.69080517401	1
3	517	3696.818259622648	1
3	518	3705.758273649449	1
3	519	3725.258042767916	1
3	520	3731.368618380772	1
3	521	3761.708044104747	1
3	522	3770.282395130885	1
3	523	3787.47308824877	1
3	524	3811.424886142664	1
3	525	3828.327235690249	1
3	526	3830.063801322333	1
3	527	3839.976596379926	1
3	528	3845.058790920454	1
3	529	3845.706447848352	1
3	530	3851.223483974256	1
3	531	3854.21676779844	1
3	532	3873.124059342754	1
3	533	3873.462777895178	1
3	534	3905.400396622001	1
3	535	3909.791166477879	1
3	536	3914.202714585175	1
3	537	3914.367347425022	1
3	538	3916.415870096488	1
3	539	3921.545140014778	1
3	540	3948.03702263708	1
3	541	3949.086350110364	1
3	542	3969.055290648532	1
3	543	3969.055290648532	1
3	544	3978.14554614692	1
3	545	3982.965770697057	1
3	546	3982.965770697057	1
3	547	3998.50848801964	1
3	548	4004.562825836042	1
3	549	4008.518481839994	1
3	550	4011.167831216368	1
3	551	4020.699056599029	1
3	552	4021.03539580823	1
3	553	4021.192687045979	1
3	554	4026.792770779287	1
3	555	4027.497790262892	1
3	556	4030.400524414125	1
3	557	4032.900032580623	1
3	558	4035.819493297911	1
3	559	4037.224250467461	1
3	560	4037.345342918077	1
3	561	4038.572492991247	1
3	562	4048.208419954139	1
3	563	4084.804041138756	1
3	564	4131.206841098254	1
3	565	4136.467149055855	1
3	566	4138.245916634419	1
3	567	4148.428092422489	1
3	568	4154.165509164767	1
3	569	4154.165509164767	1
3	570	4155.167526864676	1
3	571	4200.645765383275	1
3	572	4200.776236876006	1
3	573	4200.776236876006	1
3	574	4201.321106952046	1
3	575	4216.610495659165	1
3	576	4217.725730258212	1
3	577	4217.725730258212	1
3	578	4219.003302745792	1
3	579	4219.003302745792	1
3	580	4220.0128678553	1
3	581	4222.775919784575	1
3	582	4233.637952896148	1
3	583	4236.462420015731	1
3	584	4240.566233383841	1
3	585	4240.566233383841	1
3	586	4247.424345625825	1
3	587	4254.708121356152	1
3	588	4260.226142572534	1
3	589	4268.315939523862	1
3	590	4271.699400710849	1
3	591	4283.960722833185	1
3	592	4287.129969549001	1
3	593	4287.129969549001	1
3	594	4289.31971078658	1
3	595	4293.791109812554	1
3	596	4311.43198373444	1
3	597	4316.895344954179	1
3	598	4316.895344954179	1
3	599	4337.330245189412	1
3	600	4337.801237899967	1
3	601	4340.449060633352	1
3	602	4344.73413667515	1
3	603	4361.606319562725	1
3	604	4403.936477526045	1
3	605	4421.810607739529	1
3	606	4421.810607739529	1
3	607	4438.665034585071	1
3	608	4462.198382265803	1
3	609	4464.482247587544	1
3	610	4464.482247587544	1
3	611	4465.716056120102	1
3	612	4475.027271451066	1
3	613	4475.027271451066	1
3	614	4486.30817224796	1
3	615	4486.30817224796	1
3	616	4494.050774574165	1
3	617	4494.050774574165	1
3	618	4514.013258599795	1
3	619	4516.882349553631	1
3	620	4518.00179496507	1
3	621	4525.935186547025	1
3	622	4525.935186547025	1
3	623	4548.15147768693	1
3	624	4550.809643177153	1
3	625	4562.51400047729	1
3	626	4563.11528416859	1
3	627	4576.234914979438	1
3	628	4594.431754593165	1
3	629	4594.431754593165	1
3	630	4597.581938924848	1
3	631	4600.762484376757	1
3	632	4605.527642586483	1
3	633	4610.216424142762	1
3	634	4624.031014941243	1
3	635	4626.746572858062	1
3	636	4628.632220100573	1
3	637	4634.597719269343	1
3	638	4638.228507671185	1
3	639	4656.503770349352	1
3	640	4659.218470013646	1
3	641	4666.197845501959	1
3	642	4694.772098980119	1
3	643	4704.823255465843	1
3	644	4725.019100498036	1
3	645	4753.188217797683	1
3	646	4767.081802867167	1
3	647	4779.107376314257	1
3	648	4813.516816790111	1
3	649	4854.890746222377	1
3	650	4854.890746222377	1
3	651	4865.36811102044	1
3	652	4871.379657484279	1
3	653	4872.114721258467	1
3	654	4875.579054533417	1
3	655	4877.231984656624	1
3	656	4882.636011632643	1
3	657	4884.043463186928	1
3	658	4893.309849189896	1
3	659	4898.135601341503	1
3	660	4920.710369249067	1
3	661	4955.066603173844	1
3	662	4962.982694119878	1
3	663	4963.453023108042	1
3	664	4963.453023108042	1
3	665	4966.196097148568	1
3	666	4975.166627289625	1
3	667	4997.873728363592	1
3	668	5003.094841407701	1
3	669	5011.126209126913	1
3	670	5014.29598292577	1
3	671	5020.373830566936	1
3	672	5025.510686699577	1
3	673	5028.366375904608	1
3	674	5035.415869118365	1
3	675	5039.132026666644	1
3	676	5043.800670102277	1
3	677	5051.244452716254	1
3	678	5065.131225454926	1
3	679	5069.188488893595	1
3	680	5094.06375804443	1
3	681	5094.06375804443	1
3	682	5094.979620201455	1
3	683	5114.807746004193	1
3	684	5115.306902028456	1
3	685	5118.232408040368	1
3	686	5124.140760244414	1
3	687	5125.245919010434	1
3	688	5129.530329298342	1
3	689	5143.004817535251	1
3	690	5154.415250877784	1
3	691	5164.154036792583	1
3	692	5176.551017598748	1
3	693	5178.844189315115	1
3	694	5183.025105904551	1
3	695	5194.302710240283	1
3	696	5215.44177838675	1
3	697	5217.137949537615	1
3	698	5217.137949537615	1
3	699	5223.28734535593	1
3	700	5226.609951591717	1
3	701	5226.916969321829	1
3	702	5239.307334395612	1
3	703	5239.386487860673	1
3	704	5244.049458125049	1
3	705	5251.611120602952	1
3	706	5277.135885538427	1
3	707	5278.073439414526	1
3	708	5283.281228063232	1
3	709	5283.527364503943	1
3	710	5287.722157738634	1
3	711	5297.456883175094	1
3	712	5300.728986988358	1
3	713	5303.083045653404	1
3	714	5304.312671322283	1
3	715	5310.366460426174	1
3	716	5310.366460426174	1
3	717	5312.919818397422	1
3	718	5324.803110000297	1
3	719	5335.949220030288	1
3	720	5365.681303425104	1
3	721	5365.708372170891	1
3	722	5369.303522506899	1
3	723	5369.303522506899	1
3	724	5376.126816819101	1
3	725	5385.299534788221	1
3	726	5394.184821911476	1
3	727	5427.091310214071	1
3	728	5427.261466451366	1
3	729	5439.184624193557	1
3	730	5455.987448194371	1
3	731	5463.117012985653	1
3	732	5463.530894130269	1
3	733	5463.530894130269	1
3	734	5467.181141653128	1
3	735	5482.827707160103	1
3	736	5483.850724970199	1
3	737	5489.68532669325	1
3	738	5497.024026363475	1
3	739	5500.37626790283	1
3	740	5500.37626790283	1
3	741	5508.864303726945	1
3	742	5509.81714855567	1
3	743	5512.401741042846	1
3	744	5517.683180950064	1
3	745	5527.446101179749	1
3	746	5549.246305651307	1
3	747	5558.891303268907	1
3	748	5560.323790306761	1
3	749	5599.738377153025	1
3	750	5620.278901991661	1
3	751	5627.264937661124	1
3	752	5652.820114827765	1
3	753	5660.615465116072	1
3	754	5686.294791403094	1
3	755	5689.483816446398	1
3	756	5689.483816446398	1
3	757	5704.008324596296	1
3	758	5738.51842588989	1
3	759	5744.18755958952	1
3	760	5744.18755958952	1
3	761	5763.748600503438	1
3	762	5764.11559120625	1
3	763	5766.036546967736	1
3	764	5770.965334651405	1
3	765	5771.215024790995	1
3	766	5771.215024790995	1
3	767	5801.360650552744	1
3	768	5804.927813079478	1
3	769	5806.676915680436	1
3	770	5828.419244751779	1
3	771	5834.332272607474	1
3	772	5858.178426039782	1
3	773	5859.924704004582	1
3	774	5870.745722849422	1
3	775	5876.548618729254	1
4	33	170.772243719047	0
4	35	170.976499603038	0
4	37	188.851376237425	0
4	39	203.909218823799	0
4	41	224.312361403218	0
4	43	262.764580094636	0
4	57	385.386243221777	106.56926755653
4	68	475.1017871022	190.09551684068
4	72	488.722556166975	188.55092616555
4	96	627.709424634318	326.27905053852
4	102	663.754228948939	352.10953610965
4	106	722.074264309295	408.882274665
4	109	741.787649863738	399.65145543957
4	134	890.86682610734	541.35235876562
4	140	919.40599118099	564.53586663699
4	151	1025.202218866502	667.25929080098
4	153	1032.81558730837	659.99011098533
4	160	1078.27246618073	699.35616562585
4	170	1207.581746833734	820.26209922274
4	183	1272.64615730308	885.13682400007
4	194	1357.059092529965	959.9359498363
4	197	1371.130655064558	964.53754559914
4	200	1381.915379584386	965.72679034529
4	205	1424.307253688758	979.33951423688
4	215	1551.622879865121	1095.2037508662
4	225	1647.075854470063	1186.2015405207
4	228	1672.860973554324	1206.2413355375
4	231	1689.439633618351	1210.858917607
4	235	1710.53966299948	1231.3377940834
4	244	1742.771130115142	1252.5801365236
4	254	1814.913104548579	1313.6161365002
4	259	1851.849286219251	1348.19025111
4	277	1968.183838753956	1463.1445167604
4	288	2039.824383770035	1530.9954421337
4	299	2133.873609772479	1620.5236475339
4	303	2157.98266730268	1636.1884271288
4	309	2205.002454998374	1677.4349717164
4	314	2244.084362070077	1671.9719103264
4	316	2268.918172047204	1695.7293692219
4	319	2284.420415338288	1708.8885973253
4	331	2322.188733092858	1744.8977796256
4	334	2339.16689703308	1751.2885164149
4	340	2363.645941956537	1772.8467560056
4	344	2383.934120563955	1786.8555188032
4	353	2447.425265976196	1847.5438941306
4	371	2605.608678537393	2003.9960321303
4	374	2635.16380885708	2032.3816083521
4	379	2673.383020497286	2059.9200980208
4	386	2786.469354666149	2171.5193094972
4	408	3005.723554456453	2388.5847033224
4	411	3013.372087900246	2391.6330971888
4	422	3100.610154444393	2461.6678471558
4	426	3117.007648561429	2477.0438924575
4	432	3131.250032546328	2473.0880872496
4	438	3156.471322486995	2497.2990294372
4	440	3163.098255495721	2466.4356478501
4	473	3385.465921383978	2682.4799477744
4	479	3412.047661198245	2671.4424147436
4	489	3480.839972906747	2730.9499414831
4	491	3494.043509842451	2730.7110256973
4	496	3518.271663617849	2754.5394164821
4	498	3538.309868069885	2771.2535185245
4	508	3619.662154861035	2851.3252376625
4	511	3635.035066503164	2863.1863884108
4	543	3969.055290648532	3195.9427261919
4	546	3982.965770697057	3206.0261967518
4	569	4154.165509164767	3371.877091462
4	573	4200.776236876006	3417.8248451584
4	577	4217.725730258212	3422.98244327
4	579	4219.003302745792	3415.8990404378
4	585	4240.566233383841	3434.3778226749
4	593	4287.129969549001	3473.5339693356
4	598	4316.895344954179	3502.3128416566
4	606	4421.810607739529	3598.6491480312
4	610	4464.482247587544	3614.8282285924
4	613	4475.027271451066	3621.537650315
4	615	4486.30817224796	3621.810092011
4	617	4494.050774574165	3628.1393872016
4	622	4525.935186547025	3647.4244610733
4	629	4594.431754593165	3712.5044874492
4	650	4854.890746222377	3970.9399746928
4	664	4963.453023108042	4070.6709611588
4	681	5094.06375804443	4201.0785715073
4	698	5217.137949537615	4306.4953522763
4	716	5310.366460426174	4399.6767977599
4	723	5369.303522506899	4447.2875184209
4	733	5463.530894130269	4538.3676734358
4	740	5500.37626790283	4561.9254684708
4	756	5689.483816446398	4718.2815852372
4	760	5744.18755958952	4770.1251186553
4	766	5771.215024790995	4788.5686541785
5	56	385.386243221777	18
5	67	475.1017871022	6
5	71	488.722556166975	8
5	95	627.709424634318	5
5	101	663.754228948939	14
5	105	722.074264309295	16
5	108	741.787649863738	12
5	133	890.86682610734	9
5	139	919.40599118099	11
5	150	1025.202218866502	28
5	152	1032.81558730837	20
5	159	1078.27246618073	0
5	169	1207.581746833734	4
5	182	1272.64615730308	30
5	193	1357.059092529965	22
5	196	1371.130655064558	32
5	199	1381.915379584386	33
5	204	1424.307253688758	15
5	214	1551.622879865121	35
5	224	1647.075854470063	26
5	227	1672.860973554324	36
5	230	1689.439633618351	29
5	234	1710.53966299948	25
5	243	1742.771130115142	34
5	253	1814.913104548579	42
5	258	1851.849286219251	23
5	276	1968.183838753956	37
5	287	2039.824383770035	45
5	298	2133.873609772479	10
5	302	2157.98266730268	24
5	308	2205.002454998374	50
5	313	2244.084362070077	1
5	315	2268.918172047204	39
5	318	2284.420415338288	3
5	330	2322.188733092858	21
5	333	2339.16689703308	13
5	339	2363.645941956537	2
5	343	2383.934120563955	46
5	352	2447.425265976196	27
5	370	2605.608678537393	49
5	373	2635.16380885708	31
5	378	2673.383020497286	19
5	385	2786.469354666149	40
5	407	3005.723554456453	57
5	410	3013.372087900246	44
5	421	3100.610154444393	60
5	425	3117.007648561429	66
5	431	3131.250032546328	62
5	437	3156.471322486995	58
5	439	3163.098255495721	48
5	472	3385.465921383978	56
5	478	3412.047661198245	51
5	488	3480.839972906747	72
5	490	3494.043509842451	54
5	495	3518.271663617849	74
5	497	3538.309868069885	53
5	507	3619.662154861035	59
5	510	3635.035066503164	47
5	542	3969.055290648532	17
5	545	3982.965770697057	61
5	568	4154.165509164767	77
5	572	4200.776236876006	73
5	576	4217.725730258212	75
5	578	4219.003302745792	38
5	584	4240.566233383841	71
5	592	4287.129969549001	67
5	597	4316.895344954179	65
5	605	4421.810607739529	78
5	609	4464.482247587544	41
5	612	4475.027271451066	68
5	614	4486.30817224796	90
5	616	4494.050774574165	82
5	621	4525.935186547025	88
5	628	4594.431754593165	63
5	649	4854.890746222377	89
5	663	4963.453023108042	94
5	680	5094.06375804443	85
5	697	5217.137949537615	83
5	715	5310.366460426174	97
5	722	5369.303522506899	79
5	732	5463.530894130269	95
5	739	5500.37626790283	99
5	755	5689.483816446398	70
5	759	5744.18755958952	92
5	765	5771.215024790995	98

